617,617,617,617,617,617,617,617,617,617,617,617,617,617,617,617,617,617,617,617,617,617,617,617,617,617,617,617,617,617,617,617,617,617,617,617,617,617,617,617,617,617,617,617,617,617,617,617,617,617,617,617,617,617,617,617,617,617,617,617,617,617,617,617,617,617,617,617,617,617,617,617,617,617,617,617,617,617,617,617,617,617,617,617,617,617,617,617,617,617,617,617,617,617,617,617,617,617,617,617
617,617,617,617,617,617,617,617,617,617,617,617,617,617,617,617,617,617,617,617,617,617,617,617,617,617,617,617,617,617,617,617,617,617,617,617,617,617,617,617,617,617,617,617,617,617,617,617,617,617,617,617,617,617,617,617,617,617,617,617,617,617,617,617,617,617,617,617,617,617,617,617,617,617,617,617,617,617,617,617,617,617,617,617,617,617,617,617,617,617,617,617,617,617,617,617,617,617,617,617
617,617,617,617,617,617,617,617,617,617,617,617,617,617,617,617,617,617,617,617,617,617,617,617,617,617,617,617,617,617,617,617,617,617,617,617,617,617,617,617,617,617,617,617,617,617,617,617,617,617,617,617,617,617,617,617,617,617,617,617,617,617,617,617,617,617,617,617,617,617,617,617,617,617,617,617,617,617,617,617,617,617,617,617,617,617,617,617,617,617,617,617,617,617,617,617,617,617,617,617
617,617,617,617,617,617,617,617,617,617,617,617,617,617,617,617,617,617,617,617,617,617,617,617,617,617,617,617,617,617,617,617,617,617,617,617,617,617,617,617,617,617,617,617,617,617,617,617,617,617,617,617,617,617,617,617,617,617,617,617,617,617,617,617,617,617,617,617,617,617,617,617,617,617,617,617,617,617,617,617,617,617,617,617,617,617,617,617,617,617,617,617,617,617,617,617,617,617,617,617
617,617,617,617,617,617,617,617,617,617,617,617,617,617,617,617,617,617,617,617,617,617,617,617,617,617,617,617,617,617,617,617,617,617,617,617,617,617,617,617,617,617,617,617,617,617,617,617,617,617,617,617,617,617,617,617,617,617,617,617,617,617,617,617,617,617,617,617,617,617,617,617,617,617,617,617,617,617,617,617,617,617,617,617,617,617,617,617,617,617,617,617,617,617,617,617,617,617,617,617
617,617,617,617,617,617,617,617,617,617,617,617,617,617,617,617,617,617,617,617,617,617,617,617,617,617,617,617,617,617,617,617,617,617,617,617,617,617,617,617,617,617,617,617,617,617,617,617,617,617,617,617,617,617,617,617,617,617,617,617,617,617,617,617,617,617,617,617,617,617,617,617,617,617,617,617,617,617,617,617,617,617,617,617,617,617,617,617,617,617,617,617,617,617,617,617,617,617,617,617
617,617,617,617,617,617,617,617,617,617,617,617,617,617,617,617,617,617,144,144,144,144,144,144,144,144,144,617,617,617,617,617,617,617,617,617,617,617,617,617,617,617,617,617,617,617,617,617,617,617,617,617,617,617,617,617,617,617,617,617,617,617,617,617,617,617,617,617,617,617,617,617,617,617,617,617,617,617,617,617,617,617,617,617,617,617,617,617,617,617,617,617,617,617,617,617,617,617,617,617
617,617,617,617,617,617,617,617,617,617,617,617,617,617,617,144,144,144,144,36,37,37,37,37,38,144,144,144,144,617,617,617,617,617,617,617,617,617,617,617,617,617,617,617,617,617,617,617,617,617,617,617,617,617,617,617,617,617,617,617,617,617,617,617,617,617,617,617,617,617,617,617,617,617,617,617,617,617,617,617,617,617,617,617,617,617,617,617,617,617,617,617,617,617,617,617,617,617,617,617
617,617,617,617,617,617,617,617,617,617,617,617,617,617,144,36,37,37,37,0,73,73,73,73,1,37,38,144,144,144,144,617,617,617,617,617,617,617,617,617,617,617,617,617,617,617,617,617,617,617,617,617,617,617,617,617,617,617,617,617,617,617,617,617,617,617,617,617,617,617,617,617,617,617,617,617,617,617,617,617,617,617,617,617,617,617,617,617,617,617,617,617,617,617,617,617,617,617,617,617
617,617,617,617,617,617,617,617,617,617,617,617,617,144,36,0,73,73,73,73,73,0,0,0,0,73,1,38,144,144,144,617,617,617,617,617,617,617,617,617,617,617,617,617,617,617,617,617,617,617,617,617,617,617,617,617,617,617,617,617,617,617,617,617,617,617,617,617,617,617,617,617,617,617,617,617,617,617,617,617,144,144,144,144,144,617,617,617,617,617,617,617,617,617,617,617,617,617,617,617
617,617,617,617,617,617,617,617,617,617,617,144,144,36,0,73,73,73,73,73,73,312,312,313,313,73,73,1,37,38,144,144,617,617,617,617,617,617,617,617,617,617,617,617,617,617,617,617,617,617,617,617,617,617,617,617,617,617,617,617,617,617,617,617,617,617,617,617,617,617,617,617,617,617,617,617,144,144,144,144,144,144,144,144,144,144,144,144,144,144,617,617,617,617,617,617,617,617,617,617
617,617,617,617,617,617,617,617,617,617,144,144,36,0,73,73,73,73,73,73,73,26,134,134,26,73,73,73,73,1,37,38,144,144,617,617,617,617,617,617,617,617,617,617,617,617,617,617,617,617,617,617,617,617,617,617,617,617,617,617,617,617,617,617,617,617,617,617,617,617,617,617,617,144,144,144,144,144,144,36,37,37,37,37,37,37,37,38,144,144,144,144,144,617,617,617,617,617,617,617
617,617,617,617,617,617,617,617,617,144,144,36,0,73,73,73,73,73,73,73,73,312,312,313,313,73,73,73,73,73,73,1,38,144,144,144,144,617,617,617,617,617,617,617,617,617,617,617,617,617,617,617,617,617,617,617,617,617,617,617,617,617,617,617,617,617,617,617,617,617,617,144,144,144,144,144,36,37,37,0,73,73,73,73,73,73,73,1,38,144,144,144,144,144,617,617,617,617,617,617
617,617,617,617,617,617,617,617,617,144,144,72,73,73,73,73,73,73,73,73,73,0,348,349,73,73,73,73,73,73,73,73,1,38,144,144,144,144,144,144,144,144,617,617,617,617,617,617,617,617,617,617,617,617,617,617,617,617,617,617,617,617,617,617,617,617,617,617,617,617,144,144,144,144,144,36,0,73,73,73,73,73,73,73,73,73,73,73,1,38,144,144,144,144,144,617,617,617,617,617
617,617,617,617,617,617,617,617,144,144,36,0,73,73,73,73,73,73,73,73,73,73,73,73,73,73,73,73,73,73,73,73,73,73,38,144,144,144,144,144,144,144,144,144,144,144,617,617,617,617,617,617,617,617,617,617,617,617,617,617,617,617,617,617,617,617,617,617,617,144,144,144,144,144,144,72,73,73,73,73,73,73,73,73,73,73,73,73,73,1,38,144,144,144,144,144,617,617,617,617
617,617,617,617,617,617,617,617,144,144,72,73,73,73,73,73,73,73,73,73,73,73,73,73,73,73,73,73,73,73,73,73,73,73,1,38,144,144,144,144,144,144,144,144,144,144,144,144,144,144,144,144,144,144,144,144,144,617,617,617,617,144,144,144,144,144,144,144,144,144,144,144,144,144,144,72,73,73,73,73,73,73,73,73,73,73,73,73,73,73,1,38,144,144,144,144,617,617,617,617
617,617,617,617,617,617,617,617,617,144,72,73,73,73,73,73,73,73,73,73,73,73,73,73,73,73,73,73,73,73,73,73,73,73,73,74,144,144,144,144,36,37,37,38,36,38,144,144,144,144,147,144,144,144,144,144,144,144,144,144,144,144,144,144,144,144,144,144,144,144,144,144,144,144,144,72,73,73,73,73,73,73,73,73,73,73,73,73,73,73,73,1,38,144,144,144,617,617,617,617
617,617,617,617,617,617,617,617,617,144,72,73,73,73,73,73,73,73,73,73,73,73,73,73,73,73,73,73,73,73,73,73,73,73,73,1,37,37,37,37,0,2,3,74,108,110,144,147,144,144,144,144,144,144,144,144,144,144,144,144,144,144,144,144,144,144,144,144,144,144,144,144,617,617,144,108,3,73,73,73,73,73,73,73,73,73,73,73,73,73,73,73,74,144,144,144,617,617,617,617
617,617,617,617,617,617,617,617,617,144,72,73,73,73,73,73,73,73,73,73,73,73,73,73,73,73,73,73,73,73,73,73,73,73,73,73,73,73,73,73,73,74,108,110,144,144,144,144,144,147,144,144,144,144,144,144,144,144,144,144,144,144,144,144,144,144,144,144,144,144,144,617,617,617,144,144,72,73,73,73,73,73,73,73,73,73,73,73,73,73,73,73,74,144,144,144,617,617,617,617
617,617,617,617,617,617,617,617,617,144,108,3,73,73,73,73,73,73,73,73,73,73,73,73,73,73,73,73,73,73,73,73,73,73,73,73,109,109,109,109,109,110,144,144,144,144,144,144,144,144,144,144,144,144,144,144,144,144,144,144,144,144,144,144,144,144,144,617,617,617,617,617,617,617,144,144,108,3,73,73,73,73,73,73,73,73,73,73,73,73,73,73,1,38,144,144,617,617,617,617
617,617,617,617,617,617,617,617,617,617,144,72,73,73,73,73,73,73,73,73,73,73,73,73,73,73,73,73,73,73,73,73,73,73,73,74,144,144,144,144,144,144,144,144,144,144,144,144,617,617,144,617,617,617,617,144,144,144,144,144,144,144,144,144,144,617,617,617,617,617,617,617,617,617,144,144,144,108,3,73,73,73,73,73,73,73,73,73,73,73,73,73,73,74,144,144,617,617,617,617
617,617,617,617,617,617,617,617,617,617,144,108,3,73,73,73,73,73,73,73,73,73,73,73,73,73,73,73,73,73,73,73,73,73,2,110,144,144,144,144,144,617,617,617,617,617,617,617,617,617,617,617,617,617,617,617,617,617,617,617,617,617,617,617,617,617,617,617,617,617,617,617,617,617,144,144,144,144,72,73,73,73,73,73,73,73,73,73,73,73,73,73,73,74,144,144,617,617,617,617
617,617,617,617,617,617,617,617,617,617,144,144,108,109,3,73,73,73,73,73,73,73,73,73,73,73,73,73,73,73,73,73,73,73,74,144,144,144,617,617,617,617,617,617,617,617,617,617,617,617,617,617,617,617,617,617,617,617,617,617,617,617,617,617,617,617,617,617,617,617,617,617,617,617,144,144,144,144,72,73,73,73,73,73,73,73,73,73,73,73,73,73,73,74,144,144,617,617,617,617
617,617,617,617,617,617,617,617,617,617,617,617,144,144,108,109,3,73,73,73,73,73,73,73,73,73,73,73,73,73,73,73,73,2,110,144,144,144,617,617,617,617,617,617,617,617,617,617,617,617,617,617,617,617,617,617,617,617,617,617,617,617,617,617,617,617,617,617,617,617,617,617,617,617,144,144,144,144,108,3,73,73,73,73,73,73,73,73,73,73,73,73,73,74,144,144,617,617,617,617
617,617,617,617,617,617,617,617,617,617,617,617,617,617,144,144,108,109,3,73,73,73,73,73,73,73,73,73,73,73,73,73,73,74,144,144,144,617,617,617,617,617,617,617,617,617,617,617,617,617,617,617,617,617,617,617,617,617,617,617,617,617,617,617,617,617,617,617,617,617,617,617,617,617,617,144,144,144,144,72,73,73,73,73,73,73,73,73,73,73,73,141,141,141,141,144,144,617,617,617
617,617,617,617,617,617,617,617,617,617,617,617,617,617,617,144,144,144,108,109,109,3,73,73,73,73,73,73,73,73,73,73,2,110,144,144,617,617,617,617,617,617,617,617,617,617,617,617,617,617,617,617,617,617,617,617,617,617,617,617,617,617,617,617,617,617,617,617,617,617,617,617,617,617,617,144,144,144,144,108,3,73,73,73,73,73,73,73,73,73,73,73,322,323,144,144,144,617,617,617
617,617,617,617,617,617,617,617,617,617,617,617,617,617,617,617,144,144,144,144,144,108,109,3,73,73,73,73,73,73,2,109,110,144,144,144,617,617,617,617,617,617,617,617,617,617,617,617,617,617,617,617,617,617,617,617,617,617,617,617,617,617,617,617,617,617,617,617,617,617,617,617,617,617,617,617,144,144,144,144,108,3,73,73,73,73,73,73,73,73,73,2,176,177,144,144,144,617,617,617
617,617,617,617,617,617,617,617,617,617,617,617,617,617,617,617,617,144,144,144,144,144,144,108,3,73,73,2,109,109,110,144,144,144,617,617,617,617,617,617,617,617,617,617,617,617,617,617,617,617,617,617,617,617,617,617,617,617,617,617,617,617,617,617,617,617,617,617,617,617,617,617,617,617,617,617,144,144,144,144,144,72,73,73,73,73,73,73,73,73,73,74,322,323,144,144,144,617,617,617
617,617,617,617,617,617,617,617,617,617,617,617,617,617,617,617,617,617,144,144,144,144,144,144,108,109,109,110,144,144,144,144,144,144,617,617,617,617,617,617,617,617,617,617,617,617,617,617,617,617,617,617,617,617,617,617,617,617,617,617,617,617,617,617,617,617,617,617,617,617,617,617,617,617,617,617,144,144,144,144,144,108,3,73,73,73,73,73,73,73,73,74,358,359,144,144,144,617,617,617
617,617,617,617,617,617,617,617,617,617,617,617,617,617,617,617,617,617,617,617,144,144,144,144,144,144,144,144,144,144,144,144,144,144,617,617,617,617,617,617,617,617,617,617,617,617,617,617,617,617,617,617,617,617,617,617,617,617,617,617,617,617,617,617,617,617,617,617,617,617,617,617,617,617,617,617,617,144,144,144,144,144,72,73,73,73,73,73,73,73,73,74,144,144,144,144,144,617,617,617
617,617,617,617,617,617,617,617,617,617,617,617,617,617,617,617,617,617,617,617,617,617,617,144,144,144,144,144,144,617,144,144,144,617,617,617,617,617,617,617,617,617,617,617,617,617,617,617,617,617,617,617,617,617,617,617,617,617,617,617,617,617,617,617,617,617,617,617,617,617,617,617,617,617,617,617,617,144,144,144,144,144,72,73,73,73,73,73,73,73,2,110,144,144,144,144,144,617,617,617
617,617,617,617,617,617,617,617,617,617,617,617,617,617,617,617,617,617,617,617,617,617,617,617,617,617,144,617,617,617,617,617,617,617,617,617,617,617,617,617,617,617,617,617,617,617,617,617,617,617,617,617,617,617,617,617,617,617,617,617,617,617,617,617,617,617,617,617,617,617,617,617,617,617,617,617,617,144,144,144,144,144,108,3,73,73,73,73,73,2,110,144,144,144,144,144,144,617,617,617
617,617,617,617,617,617,617,617,617,617,617,617,617,617,617,617,617,617,617,617,617,617,617,617,617,617,617,617,617,617,617,617,617,617,617,617,617,617,617,617,617,617,617,617,617,617,617,617,617,617,617,617,617,617,617,617,617,617,617,617,617,617,617,617,617,617,617,617,617,617,617,617,617,617,617,617,617,144,144,144,144,144,36,0,73,73,73,73,73,74,144,144,144,144,144,144,144,617,617,617
617,617,617,617,617,617,617,617,617,617,617,617,617,617,617,617,617,617,617,617,617,617,617,617,617,617,617,617,617,617,617,617,617,617,617,617,617,617,617,617,617,617,617,617,617,617,617,617,617,617,617,617,617,617,617,617,617,617,617,617,617,617,617,617,617,617,617,617,617,617,617,617,617,617,617,617,617,144,144,144,144,36,0,73,73,73,73,73,2,110,144,144,144,144,144,144,617,617,617,617
617,617,617,617,617,617,617,617,617,617,617,617,617,617,617,617,617,617,617,617,617,617,617,617,617,617,617,617,617,617,617,617,617,617,617,617,617,617,617,617,617,617,617,617,617,617,144,144,144,144,617,617,617,617,617,617,617,617,617,617,617,617,617,617,617,617,617,617,617,617,617,617,617,617,617,617,617,144,144,144,144,72,73,73,73,73,73,73,74,144,144,144,144,144,144,144,617,617,617,617
617,617,617,617,617,617,617,617,617,617,617,617,617,617,617,617,617,617,617,617,617,617,617,617,617,617,617,617,617,617,617,617,617,617,617,617,617,617,617,617,617,617,617,617,617,144,144,144,144,144,144,144,144,144,144,144,144,144,144,144,144,144,144,617,617,617,617,617,617,617,617,617,617,617,617,617,144,144,144,144,36,0,73,73,73,73,2,109,110,144,144,144,144,144,144,144,617,617,617,617
617,617,617,617,617,617,617,617,617,617,617,617,617,617,617,617,617,617,617,617,617,617,617,617,617,617,617,617,617,617,617,617,617,617,617,617,617,617,617,617,617,617,617,144,144,144,144,144,144,144,144,144,144,144,144,144,144,144,144,144,144,144,144,144,144,144,144,144,144,144,144,144,144,144,144,144,144,144,144,36,0,73,73,73,2,109,110,144,144,144,144,144,144,144,144,617,617,617,617,617
617,617,617,617,617,617,617,617,617,617,617,617,617,617,617,617,617,617,617,617,617,617,617,617,617,617,617,617,617,617,617,617,617,617,617,617,617,617,617,617,617,144,144,144,144,144,144,144,144,144,144,144,144,36,37,37,37,37,37,37,37,37,38,144,144,144,144,144,144,36,145,145,145,38,144,144,36,37,37,0,73,73,73,2,110,144,144,144,144,144,144,144,144,144,617,617,617,617,617,617
617,617,617,617,617,617,617,617,617,617,617,617,617,617,617,617,617,617,617,617,617,617,617,617,617,617,617,617,617,617,617,617,617,617,617,617,617,617,617,144,144,144,144,144,144,144,144,36,37,37,37,38,144,72,73,73,73,73,73,73,73,73,74,144,144,144,36,145,145,110,36,145,145,147,145,145,0,73,73,73,73,2,109,110,144,144,144,144,144,144,617,617,617,617,617,617,617,617,617,617
617,617,617,617,617,617,617,617,617,617,617,617,617,617,617,617,617,617,617,617,617,617,617,617,617,617,617,144,144,144,144,144,144,144,144,144,144,144,144,144,144,144,144,144,144,144,144,72,73,73,73,74,144,72,73,73,73,73,73,2,109,109,110,144,144,144,108,145,145,145,110,144,144,144,144,144,108,3,73,73,2,110,144,144,144,144,144,144,617,617,617,617,617,617,617,617,617,617,617,617
617,617,617,617,617,617,617,617,617,617,617,617,617,617,617,617,617,617,617,617,617,617,617,617,617,617,144,144,144,144,144,144,36,37,37,37,37,37,37,37,37,37,37,37,37,37,37,0,73,73,73,74,144,72,73,73,2,109,109,110,144,144,144,144,144,144,144,144,144,144,144,144,144,144,144,144,144,108,109,109,110,144,144,144,144,617,617,617,617,617,617,617,617,617,617,617,617,617,617,617
617,617,617,617,617,617,617,144,144,144,144,617,617,617,617,617,617,617,617,617,617,617,617,617,617,617,144,144,144,144,144,36,0,73,73,73,73,73,73,73,73,73,73,73,73,73,73,73,73,73,73,74,144,72,73,73,74,144,144,144,144,144,144,144,144,144,144,144,144,144,144,144,144,144,144,144,144,144,144,144,144,144,144,144,617,617,617,617,617,617,617,617,617,617,617,617,617,617,617,617
617,617,617,617,617,144,144,144,144,144,144,144,144,617,617,617,617,617,617,617,617,617,617,617,617,617,144,144,144,144,144,72,73,73,73,73,73,73,73,73,73,73,73,73,73,73,73,73,73,73,73,74,144,72,73,73,74,144,144,144,144,144,617,617,617,617,617,617,617,144,144,144,144,144,144,144,144,144,144,144,144,144,144,617,617,617,617,617,617,617,617,617,617,617,617,617,617,617,617,617
617,617,617,617,144,144,144,144,144,144,144,144,144,144,617,617,617,617,617,617,617,617,617,617,617,617,144,144,144,144,144,72,73,73,73,2,109,109,109,3,73,73,2,109,109,109,109,3,73,73,73,74,144,72,73,73,74,144,144,144,144,144,617,144,617,617,617,617,617,617,617,617,144,144,144,144,144,144,144,144,617,617,617,617,617,617,617,617,617,617,617,617,617,617,617,617,617,617,617,617
617,617,617,144,144,144,144,144,144,144,144,144,144,144,144,617,617,617,617,617,617,617,617,617,617,617,144,144,144,144,144,72,73,73,2,110,144,144,144,72,73,73,74,144,144,144,144,72,73,73,73,74,144,72,73,73,74,144,144,144,144,144,617,617,617,617,617,617,617,617,617,617,617,617,617,617,617,617,617,617,617,617,617,617,617,617,617,617,617,617,617,617,617,617,617,617,617,617,617,617
617,617,617,144,144,144,36,37,37,37,37,37,37,38,144,144,617,617,617,617,617,617,617,144,144,144,144,36,37,37,37,0,73,73,74,144,144,144,144,108,109,109,110,144,144,144,144,72,73,73,73,74,144,72,73,73,74,144,144,144,144,144,144,617,617,617,617,617,617,617,617,617,617,617,617,617,617,617,617,617,617,617,617,617,617,617,617,617,617,617,617,617,617,617,617,617,617,617,617,617
617,617,617,144,144,36,0,73,73,73,73,73,73,1,38,144,144,144,144,144,144,144,144,144,144,144,144,72,73,73,73,73,73,73,74,144,144,144,144,144,144,144,144,144,144,144,144,72,73,73,73,74,144,72,73,73,74,144,144,144,144,144,144,617,617,617,617,617,617,617,617,617,617,617,617,617,617,617,617,617,617,617,617,617,617,617,617,617,617,617,617,617,617,617,617,617,617,617,617,617
617,617,617,144,144,72,73,73,73,73,73,73,73,73,74,144,144,144,144,144,144,144,144,144,144,144,144,108,109,109,109,3,73,73,74,144,144,144,144,144,144,144,144,144,144,144,144,72,73,73,73,74,144,72,73,73,74,144,144,144,144,144,144,144,617,617,617,617,617,617,617,617,617,617,617,617,617,617,617,617,617,617,617,617,617,617,617,617,617,617,617,617,617,617,617,617,617,617,617,617
617,617,617,144,144,72,73,73,73,73,73,73,73,73,74,144,144,144,144,144,144,144,144,144,144,144,144,144,144,144,144,72,73,73,74,144,144,144,144,144,320,321,144,144,144,144,144,72,73,73,73,74,144,72,73,73,74,144,144,144,144,144,144,144,144,617,617,617,617,617,617,617,617,617,617,617,617,617,617,617,617,617,617,617,617,617,617,617,617,617,617,617,617,617,617,617,617,617,617,617
617,617,617,144,144,72,73,73,73,73,73,73,73,73,74,144,144,144,617,617,617,617,617,617,617,144,144,144,144,144,144,72,73,73,74,144,144,144,144,144,141,141,144,144,144,144,144,72,73,73,73,74,144,72,73,73,74,144,144,144,144,144,144,144,144,617,617,617,617,617,617,617,617,617,617,617,617,617,617,617,617,617,617,617,617,617,617,617,617,617,617,617,617,617,617,617,617,617,617,617
617,617,144,144,144,72,73,73,73,73,73,73,73,73,74,144,144,144,617,617,617,617,617,617,617,617,617,144,144,144,144,72,73,73,74,144,144,144,144,144,320,321,144,144,144,144,144,72,73,73,73,74,144,72,73,73,74,144,144,144,144,144,144,144,144,617,617,617,617,617,617,617,617,617,617,617,617,617,617,617,617,617,617,617,617,617,617,617,617,617,617,617,617,617,617,617,617,617,617,617
617,617,144,144,144,72,73,73,73,73,73,73,73,73,74,144,144,144,617,617,617,617,617,617,617,617,617,144,144,144,144,72,73,73,74,144,144,144,144,144,356,357,144,144,144,144,144,72,73,73,73,74,144,72,73,73,74,144,144,144,144,144,144,144,144,617,617,617,617,617,617,617,617,617,617,617,617,617,617,617,617,617,617,617,617,617,617,617,617,617,617,617,617,617,617,617,617,617,617,617
617,617,617,144,144,72,73,73,73,73,73,73,73,73,74,144,144,617,617,617,617,617,617,617,617,617,617,144,144,144,144,72,73,73,1,37,37,37,37,37,37,37,37,37,37,37,37,0,73,73,73,1,37,0,73,73,74,144,144,144,144,144,144,144,144,617,617,617,617,617,617,617,617,617,617,617,617,617,617,617,617,617,617,617,617,617,617,617,617,617,617,617,617,617,617,617,617,617,617,617
617,617,617,144,144,108,3,73,73,73,73,73,73,2,110,144,144,617,617,617,617,617,617,617,617,617,617,144,144,144,144,72,73,73,73,73,73,73,73,73,73,73,73,73,73,73,73,73,73,73,73,73,73,73,73,73,74,144,144,144,144,144,144,144,144,617,617,617,617,617,617,617,617,617,617,617,617,617,617,617,617,617,617,617,617,617,617,617,617,617,617,617,617,617,617,617,617,617,617,617
617,617,617,617,144,144,108,109,109,109,109,109,109,110,144,144,617,617,617,617,617,617,617,617,617,617,617,617,144,144,144,72,73,73,73,73,73,73,73,73,73,73,73,73,73,73,73,73,73,73,73,73,73,73,73,73,74,144,144,144,144,144,144,144,144,617,617,617,617,617,617,617,617,617,617,617,617,617,617,617,617,617,617,617,617,617,617,617,617,617,617,617,617,617,617,617,617,617,617,617
617,617,617,617,144,144,144,144,144,144,144,144,144,144,144,144,617,617,617,617,617,617,617,617,617,617,617,617,144,36,37,0,73,73,73,73,73,73,73,73,73,73,73,73,73,73,73,73,73,73,73,73,73,73,73,73,74,144,144,144,144,144,144,144,617,617,617,617,617,617,617,617,617,617,617,617,617,617,617,617,617,617,617,617,617,617,617,617,617,617,617,617,617,617,617,617,617,617,617,617
617,617,617,617,617,144,144,144,144,144,144,144,144,144,144,617,617,617,617,617,617,617,617,617,617,617,617,617,144,72,73,73,73,2,109,109,109,109,109,109,109,109,109,109,109,109,109,3,73,73,73,73,73,73,73,73,74,144,144,144,144,144,617,617,617,617,617,617,617,617,617,617,617,617,617,617,617,617,617,617,617,617,617,617,617,617,617,617,617,617,617,617,617,617,617,617,617,617,617,617
617,617,617,617,617,617,144,144,144,144,144,144,144,144,617,617,617,617,617,617,617,617,617,617,617,617,617,617,144,108,109,109,109,110,144,144,144,144,144,144,144,144,144,144,144,144,144,108,109,3,73,73,2,109,109,109,110,144,144,617,617,617,617,617,617,617,617,617,617,617,617,617,617,617,617,617,617,617,617,617,617,617,617,617,617,617,617,617,617,617,617,617,617,617,617,617,617,617,617,617
617,617,617,617,617,617,617,617,617,144,144,144,617,617,617,617,617,617,617,617,617,617,617,617,617,617,617,144,144,144,144,144,144,144,144,144,144,144,144,144,144,144,144,144,144,144,144,144,144,72,73,73,74,144,144,144,144,144,144,617,617,617,617,617,617,617,617,617,617,617,617,617,617,617,617,617,617,617,617,617,617,617,617,617,617,617,617,617,617,617,617,617,617,617,617,617,617,617,617,617
617,617,617,617,617,617,617,617,617,144,617,617,617,617,617,617,617,617,617,617,617,617,617,617,617,617,617,144,144,144,144,144,617,144,144,144,144,144,144,144,144,144,144,144,144,144,144,144,144,72,73,2,110,144,144,144,144,144,144,617,617,617,617,617,617,617,617,617,617,617,617,617,617,617,617,617,617,617,617,617,617,617,617,617,617,617,617,617,617,617,617,617,617,617,617,617,617,617,617,617
617,617,617,617,617,617,617,617,617,617,617,617,617,617,617,617,617,617,617,617,617,617,617,617,617,617,617,144,144,146,144,144,617,617,617,617,144,144,144,144,144,144,144,144,144,144,144,144,144,72,73,74,144,144,144,144,144,144,144,617,617,617,617,617,617,617,617,617,617,617,617,617,617,617,617,617,617,144,144,144,617,617,617,617,617,617,617,617,617,617,617,617,617,617,617,617,617,617,617,617
617,617,617,617,617,617,617,617,617,617,617,617,617,617,617,617,617,617,617,617,617,617,617,617,617,617,617,617,144,146,146,144,617,617,617,617,617,617,617,617,617,617,617,617,617,617,144,144,144,72,73,74,144,144,144,144,144,144,617,617,617,617,617,617,617,617,617,617,617,617,617,617,617,617,617,144,144,144,144,144,144,144,144,617,617,617,617,617,617,617,617,617,617,617,617,617,617,617,617,617
617,617,617,617,617,617,617,617,617,617,617,617,617,617,617,617,617,617,617,617,617,617,617,617,617,617,617,617,144,144,147,144,617,617,617,617,617,617,617,617,617,617,617,617,617,617,617,144,144,72,73,74,144,144,144,144,144,617,617,617,617,617,617,617,617,617,617,617,617,617,617,617,617,617,144,144,144,144,144,144,144,144,144,144,144,617,617,617,617,617,617,617,617,617,617,617,617,617,617,617
617,617,617,617,617,617,617,617,617,617,617,617,617,617,617,617,617,617,617,617,617,617,617,617,617,617,617,617,144,144,146,144,617,617,617,617,617,617,617,617,617,617,617,617,617,617,617,144,144,72,73,74,144,144,617,617,617,617,617,617,617,617,617,617,617,617,617,617,617,617,617,617,617,144,144,144,144,144,144,144,144,144,144,144,144,144,144,617,617,617,617,617,617,617,617,617,617,617,617,617
617,617,617,617,617,617,617,617,617,617,617,617,617,617,617,617,617,617,617,617,617,617,617,617,617,617,617,144,144,144,146,144,144,617,617,617,617,617,617,617,617,617,617,617,617,617,617,144,144,108,109,110,144,144,617,617,617,617,617,617,617,617,617,617,617,617,617,617,617,617,617,617,144,144,144,144,144,144,144,144,144,144,144,144,144,144,144,144,617,617,617,617,617,617,617,617,617,617,617,617
617,617,617,617,617,617,617,617,617,617,219,617,617,617,617,617,617,617,617,617,617,617,617,617,617,617,617,144,144,146,147,144,144,617,617,617,617,617,617,617,617,617,617,617,617,617,617,144,144,144,144,144,144,144,617,617,617,617,617,617,617,617,617,617,617,617,617,617,617,617,617,617,144,144,144,144,144,100,100,100,101,101,101,144,144,144,144,144,144,617,617,617,617,617,617,617,617,617,617,617
617,617,617,617,617,617,617,144,144,144,144,144,617,617,617,617,617,617,617,617,617,617,617,617,617,617,617,144,144,144,146,144,144,144,144,617,617,617,617,617,617,617,617,617,617,617,617,144,144,144,144,144,144,144,617,617,617,617,617,617,617,617,617,617,617,617,617,617,617,617,617,144,144,36,38,144,144,318,318,318,319,319,319,144,144,36,38,144,144,144,617,617,617,617,617,617,617,617,617,617
617,617,617,617,617,617,617,144,144,144,144,144,617,617,617,617,617,617,617,617,617,617,617,617,617,617,617,617,144,144,146,147,144,144,144,617,617,617,617,617,617,617,617,617,617,617,617,144,144,144,144,144,144,144,617,617,617,617,617,617,617,617,617,617,617,617,617,617,617,617,617,144,144,72,74,144,144,318,130,130,130,130,319,144,144,72,74,144,144,144,144,617,617,617,617,617,617,617,617,617
617,617,617,617,617,617,617,144,144,144,144,144,617,617,617,617,617,617,617,617,617,617,617,617,617,617,617,617,617,144,144,146,146,147,144,617,617,617,617,617,617,617,617,617,617,617,617,144,144,144,144,144,144,144,617,617,617,617,617,617,617,617,617,617,617,617,617,617,617,617,617,144,144,72,74,144,144,318,130,318,319,130,319,144,144,72,74,144,144,144,144,144,617,617,617,617,617,617,617,617
617,617,617,617,617,617,617,617,617,617,617,617,617,617,617,617,617,617,617,617,617,617,617,617,617,617,617,617,617,617,144,144,146,144,144,617,617,617,617,617,617,617,617,617,617,617,617,617,144,144,144,144,144,144,144,617,617,617,617,617,617,617,617,617,617,617,617,617,617,617,144,144,144,72,74,144,144,354,354,354,355,355,355,144,144,72,74,144,144,144,144,144,617,617,617,617,617,617,617,617
617,617,617,617,617,617,617,617,617,617,617,617,617,617,617,617,617,617,617,617,617,617,617,617,617,617,617,617,617,617,144,147,146,144,144,617,617,617,617,617,617,617,617,617,617,617,617,617,144,144,144,144,144,144,144,617,617,617,617,617,617,617,617,617,617,617,617,617,617,617,144,144,36,0,1,37,37,37,37,37,37,37,37,37,37,0,1,37,37,38,144,144,144,617,617,617,617,617,617,617
617,617,617,617,617,617,617,617,617,617,617,617,617,617,617,617,617,617,617,617,617,617,617,617,617,617,617,617,617,617,144,144,144,146,144,617,617,617,617,617,617,617,617,617,617,617,617,617,144,144,144,144,144,144,144,617,617,617,617,617,617,617,617,617,617,617,617,617,617,617,144,144,72,73,73,73,73,73,73,73,73,73,73,73,73,73,73,73,73,1,38,144,144,617,617,617,617,617,617,617
617,617,617,617,617,617,617,617,617,617,617,617,617,617,617,617,617,617,617,617,617,617,617,617,617,617,617,617,617,617,617,144,144,146,144,617,617,617,617,617,617,617,617,617,617,617,617,617,144,144,144,144,144,144,617,617,617,617,617,617,617,617,617,617,617,617,617,617,617,617,144,144,72,73,73,2,109,109,109,109,109,3,73,2,109,109,109,3,73,73,74,144,144,617,617,617,617,617,617,617
617,617,617,617,617,617,617,617,617,617,617,617,617,617,617,617,617,617,617,617,617,617,617,617,617,617,617,617,617,617,617,144,146,146,144,617,617,617,617,617,617,617,617,617,617,617,617,144,144,144,144,144,144,144,617,617,617,617,617,617,617,617,617,617,617,617,617,617,617,144,144,144,72,73,73,74,144,144,144,144,144,72,73,74,144,144,144,108,3,73,74,144,144,144,617,617,617,617,617,617
617,617,617,617,617,617,617,617,617,617,617,617,617,617,617,617,617,617,617,617,617,617,617,617,617,617,617,617,617,617,617,144,146,144,144,144,617,617,617,617,617,617,617,617,617,617,617,144,144,144,144,144,144,144,617,617,617,617,617,617,617,617,617,617,617,617,617,617,617,144,144,144,72,73,73,74,144,144,144,144,144,72,73,74,144,144,144,144,72,73,74,144,144,144,617,617,617,617,617,617
617,617,617,617,617,617,617,617,617,617,617,617,617,617,617,617,617,617,617,617,617,617,617,617,617,617,617,617,617,617,617,144,146,144,144,144,617,617,617,617,617,617,617,617,617,617,617,144,144,144,144,144,144,144,617,617,617,617,617,617,617,617,617,617,617,617,617,617,617,144,144,144,72,73,73,74,144,144,144,144,144,72,73,74,144,144,144,144,72,73,74,144,144,144,617,617,617,617,617,617
617,617,617,617,617,617,617,617,617,617,617,617,144,144,144,144,617,617,617,617,617,617,617,617,617,617,617,617,144,144,144,144,144,144,144,144,617,617,617,617,617,617,617,617,617,617,617,144,144,144,144,144,144,144,144,617,617,617,617,617,617,617,617,617,617,617,617,617,617,144,144,144,108,3,73,74,144,144,144,144,144,72,73,74,144,144,144,144,72,73,74,144,144,144,617,617,617,617,617,617
617,617,617,617,617,617,617,617,617,617,617,144,144,144,144,144,144,144,617,617,617,617,617,617,144,144,144,144,144,144,144,144,144,144,144,144,617,617,617,617,617,617,617,617,617,617,617,617,144,144,144,144,144,144,144,144,617,617,617,617,617,617,617,617,617,617,617,617,617,144,144,144,144,72,73,74,144,144,144,144,144,72,73,74,144,144,144,144,72,73,74,144,144,144,617,617,617,617,617,617
617,617,617,617,617,617,617,617,617,617,144,36,37,37,37,37,38,144,617,617,617,144,144,144,144,144,144,144,144,144,144,144,144,144,144,144,617,617,617,617,617,617,617,617,617,617,617,617,617,617,144,144,144,144,144,144,144,144,617,617,617,617,617,617,617,617,144,144,144,144,144,144,144,72,73,1,38,144,144,144,144,72,73,74,144,144,144,36,0,73,74,144,144,144,617,617,617,617,617,617
617,617,617,617,617,617,617,617,617,144,36,138,138,73,73,73,138,38,617,617,144,144,144,144,144,617,617,617,144,144,144,144,144,144,144,144,617,617,617,617,617,617,617,617,617,617,617,617,617,617,617,144,144,144,144,144,144,144,144,144,144,144,144,144,144,144,144,144,144,144,144,144,144,72,73,73,1,38,144,144,144,72,73,74,144,144,36,0,73,73,74,144,144,144,617,617,617,617,617,617
617,617,617,617,617,617,617,617,617,144,72,138,73,2,3,73,138,74,144,144,144,144,617,617,617,617,617,617,144,144,144,144,144,144,144,144,144,617,617,617,617,617,617,617,617,617,617,617,617,617,617,617,617,144,144,144,144,144,144,144,144,144,144,144,144,144,144,144,144,144,144,144,144,108,109,3,73,1,37,37,37,0,73,1,37,37,0,73,73,2,110,144,144,144,617,617,617,617,617,617
617,617,617,617,617,617,617,617,617,144,72,490,2,110,108,3,490,74,144,144,144,617,617,617,617,617,617,617,144,144,144,144,144,144,144,144,144,617,617,617,617,617,617,617,617,617,617,617,617,617,617,617,617,617,617,617,144,144,144,144,144,144,144,144,144,144,144,144,144,144,144,144,144,144,144,108,3,73,73,73,73,73,73,73,73,73,73,73,2,110,144,144,144,617,617,617,617,617,617,617
617,617,617,617,617,617,617,617,617,144,72,138,74,144,144,72,138,1,37,38,144,617,617,617,617,617,617,617,144,144,144,144,144,144,144,144,144,144,617,617,617,617,617,617,617,617,617,617,617,617,617,617,617,617,617,617,617,144,144,144,144,144,144,144,144,144,144,144,144,617,617,144,144,144,144,144,108,109,109,109,109,109,109,109,109,109,109,109,110,144,144,144,144,617,617,617,617,617,617,617
617,617,617,617,617,617,617,617,617,144,72,490,1,38,36,0,138,2,109,110,144,617,617,617,617,617,617,617,144,144,144,144,144,144,144,144,144,144,617,617,617,617,617,617,617,617,617,617,617,617,617,617,617,617,617,617,617,617,617,144,144,144,144,144,144,144,144,617,617,617,617,617,144,144,144,144,144,144,144,144,144,144,144,144,144,144,144,144,144,144,144,144,617,617,617,617,617,617,617,617
617,617,617,617,617,617,617,617,617,144,72,138,73,1,0,73,490,74,144,144,617,617,617,617,617,617,617,617,144,144,144,144,144,144,144,144,144,144,144,617,617,617,617,617,617,617,617,617,617,617,617,617,617,617,617,617,617,617,617,617,617,617,617,617,617,617,617,617,617,617,617,617,617,144,144,144,144,144,144,144,144,144,144,144,144,144,144,144,144,144,144,144,617,617,617,617,617,617,617,617
617,617,617,617,617,617,617,617,617,144,108,138,73,73,73,73,490,110,144,617,617,617,617,617,617,617,617,617,617,144,144,144,144,144,36,37,37,37,37,38,617,617,617,617,617,617,617,617,617,617,617,617,617,617,617,617,617,617,617,617,617,617,617,617,617,617,617,617,617,617,617,617,617,617,144,144,144,144,144,144,144,144,144,144,144,144,144,144,144,144,144,617,617,617,617,617,617,617,617,617
617,617,617,617,617,617,617,617,617,144,144,138,109,109,109,109,138,144,144,617,617,617,617,617,617,617,617,617,617,617,144,144,144,144,72,73,73,73,73,74,144,617,617,617,617,617,617,617,617,617,617,617,617,617,617,617,617,617,617,617,617,617,617,617,617,617,617,617,617,617,617,617,617,617,144,144,144,144,144,144,144,144,144,144,144,144,144,144,144,144,144,617,617,617,617,617,617,617,617,617
617,617,617,617,617,617,617,617,617,617,144,174,174,174,490,174,174,144,617,617,617,617,617,617,617,617,617,617,617,617,144,144,144,144,72,73,73,73,73,74,144,144,617,617,617,617,617,617,617,617,617,617,617,617,617,617,617,617,617,617,617,617,617,617,617,617,617,617,617,617,617,617,617,617,144,144,144,144,144,144,144,144,144,144,144,144,144,144,144,144,617,617,617,617,617,617,617,617,617,617
617,617,617,617,617,617,617,617,617,617,144,144,144,144,144,144,617,617,617,617,617,617,617,617,617,617,617,617,617,617,144,144,144,144,72,73,73,73,73,74,144,144,617,617,617,617,617,617,617,617,617,617,617,617,617,617,617,617,617,617,617,617,617,617,617,617,617,617,617,617,617,617,617,617,617,617,144,144,144,144,144,144,144,144,144,144,144,144,617,617,617,617,617,617,617,617,617,617,617,617
617,617,617,617,617,617,617,617,617,617,617,144,144,144,144,617,617,617,617,617,617,617,617,617,617,617,617,617,617,617,144,144,144,144,72,73,73,73,73,74,144,144,617,617,617,617,617,617,617,617,617,617,617,617,617,617,617,617,617,617,617,617,617,617,617,617,617,617,617,617,617,617,617,617,617,617,617,617,617,617,144,144,144,144,144,617,617,617,617,617,617,617,617,617,617,617,617,617,617,617
617,617,617,617,617,617,617,617,617,617,617,617,617,617,617,617,617,617,617,617,617,617,617,617,617,617,617,617,617,617,144,144,144,144,72,73,73,73,73,74,144,617,617,617,617,617,617,617,617,617,617,617,617,617,617,617,617,617,617,617,617,617,617,617,617,617,617,617,617,617,617,617,617,617,617,617,617,617,617,617,617,617,617,617,617,617,617,617,617,617,617,617,617,617,617,617,617,617,617,617
617,617,617,617,617,617,617,617,617,617,617,617,617,617,617,617,617,617,617,617,617,617,617,617,617,617,617,617,617,617,144,144,144,144,72,73,73,73,73,74,144,617,617,617,617,617,617,617,617,617,617,617,617,617,617,617,617,617,617,617,617,617,617,617,617,617,617,617,617,617,617,617,617,617,617,617,617,617,617,617,617,617,617,617,617,617,617,617,617,617,617,617,617,617,617,617,617,617,617,617
617,617,617,617,617,617,617,617,617,617,617,617,617,617,617,617,617,617,617,617,617,617,617,617,617,617,617,617,617,617,617,144,144,144,108,109,109,109,109,110,617,617,617,617,617,617,617,617,617,617,617,617,617,617,617,617,617,617,617,617,617,617,617,617,617,617,617,617,617,617,617,617,617,617,617,617,617,617,617,617,617,617,617,617,617,617,617,617,617,617,617,617,617,617,617,617,617,617,617,617
617,617,617,617,617,617,617,617,617,617,617,617,617,617,617,617,617,617,617,617,617,617,617,617,617,617,617,617,617,617,617,617,144,144,144,144,144,144,144,617,617,617,617,617,617,617,617,617,617,617,617,617,617,617,617,617,617,617,617,617,617,617,617,617,617,617,617,617,617,617,617,617,617,617,617,617,617,617,617,617,617,617,617,617,617,617,617,617,617,617,617,617,617,617,617,617,617,617,617,617
617,617,617,617,617,617,617,617,617,617,617,617,617,617,617,617,617,617,617,617,617,617,617,617,617,617,617,617,617,617,617,617,617,144,144,144,144,617,617,617,617,617,617,617,617,617,617,617,617,617,617,617,617,617,617,617,617,617,617,617,617,617,617,617,617,617,617,617,617,617,617,617,617,617,617,617,617,617,617,617,617,617,617,617,617,617,617,617,617,617,617,617,617,617,617,617,617,617,617,617
617,617,617,617,617,617,617,617,617,617,617,617,617,617,617,617,617,617,617,617,617,617,617,617,617,617,617,617,617,617,617,617,617,617,617,617,617,617,617,617,617,617,617,617,617,617,617,617,617,617,617,617,617,617,617,617,617,617,617,617,617,617,617,617,617,617,617,617,617,617,617,617,617,617,617,617,617,617,617,617,617,617,617,617,617,617,617,617,617,617,617,617,617,617,617,617,617,617,617,617
617,617,617,617,617,617,617,617,617,617,617,617,617,617,617,617,617,617,617,617,617,617,617,617,617,617,617,617,617,617,617,617,617,617,617,617,617,617,617,617,617,617,617,617,617,617,617,617,617,617,617,617,617,617,617,617,617,617,617,617,617,617,617,617,617,617,617,617,617,617,617,617,617,617,617,617,617,617,617,617,617,617,617,617,617,617,617,617,617,617,617,617,617,617,617,617,617,617,617,617
617,617,617,617,617,617,617,617,617,617,617,617,617,617,617,617,617,617,617,617,617,617,617,617,617,617,617,617,617,617,617,617,617,617,617,617,617,617,617,617,617,617,617,617,617,617,617,617,617,617,617,617,617,617,617,617,617,617,617,617,617,617,617,617,617,617,617,617,617,617,617,617,617,617,617,617,617,617,617,617,617,617,617,617,617,617,617,617,617,617,617,617,617,617,617,617,617,617,617,617
617,617,617,617,617,617,617,617,617,617,617,617,617,617,617,617,617,617,617,617,617,617,617,617,617,617,617,617,617,617,617,617,617,617,617,617,617,617,617,617,617,617,617,617,617,617,617,617,617,617,617,617,617,617,617,617,617,617,617,617,617,617,617,617,617,617,617,617,617,617,617,617,617,617,617,617,617,617,617,617,617,617,617,617,617,617,617,617,617,617,617,617,617,617,617,617,617,617,617,617
617,617,617,617,617,617,617,617,617,617,617,617,617,617,617,617,617,617,617,617,617,617,617,617,617,617,617,617,617,617,617,617,617,617,617,617,617,617,617,617,617,617,617,617,617,617,617,617,617,617,617,617,617,617,617,617,617,617,617,617,617,617,617,617,617,617,617,617,617,617,617,617,617,617,617,617,617,617,617,617,617,617,617,617,617,617,617,617,617,617,617,617,617,617,617,617,617,617,617,617
