-1,-1,-1,-1,-1,-1,-1,-1,-1,-1,-1,-1,-1,-1,-1,-1,-1,-1,-1,-1,-1,-1,-1,-1,-1,-1,-1,-1,-1,-1,-1,-1,-1,-1,-1,-1,-1,-1,-1,-1,-1,-1,-1,-1,-1,-1,-1,-1,-1,-1,-1,-1,-1,-1,-1,-1,-1,-1,-1,-1,-1,-1,-1,-1,-1,-1,-1,-1,-1,-1,-1,-1,-1,-1,-1,-1,-1,-1,-1,-1,-1,-1,-1,-1,-1,-1,-1,-1,-1,-1,-1,-1,-1,-1,-1,-1,-1,-1,-1,-1,
-1,-1,-1,-1,-1,-1,-1,-1,-1,-1,-1,-1,-1,-1,-1,-1,-1,-1,-1,-1,-1,-1,-1,-1,-1,-1,-1,-1,-1,-1,-1,-1,-1,-1,-1,-1,-1,-1,-1,-1,-1,-1,-1,-1,-1,-1,-1,-1,-1,-1,-1,-1,-1,-1,-1,-1,-1,-1,-1,-1,-1,-1,-1,-1,-1,-1,-1,-1,-1,-1,-1,-1,-1,-1,-1,-1,-1,-1,-1,-1,-1,-1,-1,-1,-1,-1,-1,-1,-1,-1,-1,-1,-1,-1,-1,-1,-1,-1,-1,-1,
-1,-1,-1,-1,-1,-1,-1,-1,-1,-1,-1,-1,-1,-1,-1,-1,-1,-1,-1,-1,-1,-1,-1,-1,-1,-1,-1,-1,-1,-1,-1,-1,-1,-1,-1,-1,-1,-1,-1,-1,-1,-1,-1,-1,-1,-1,-1,-1,-1,-1,-1,-1,-1,-1,-1,-1,-1,-1,-1,-1,-1,-1,-1,-1,-1,-1,-1,-1,-1,-1,-1,-1,-1,-1,-1,-1,-1,-1,-1,-1,-1,-1,-1,-1,-1,-1,-1,-1,-1,-1,-1,-1,-1,-1,-1,-1,-1,-1,-1,-1,
-1,-1,-1,-1,-1,-1,-1,-1,-1,-1,-1,-1,-1,-1,-1,-1,-1,-1,-1,-1,-1,-1,-1,-1,-1,-1,-1,-1,-1,-1,-1,-1,-1,-1,-1,-1,-1,-1,-1,-1,-1,-1,-1,-1,-1,-1,-1,-1,-1,-1,-1,-1,-1,-1,-1,-1,-1,-1,-1,-1,-1,-1,-1,-1,-1,-1,-1,-1,-1,-1,-1,-1,-1,-1,-1,-1,-1,-1,-1,-1,-1,-1,-1,-1,-1,-1,-1,-1,-1,-1,-1,-1,-1,-1,-1,-1,-1,-1,-1,-1,
-1,-1,-1,-1,-1,-1,-1,-1,-1,-1,-1,-1,-1,-1,-1,-1,-1,-1,-1,-1,-1,-1,-1,-1,-1,-1,-1,-1,-1,-1,-1,-1,-1,-1,-1,-1,-1,-1,-1,-1,-1,-1,-1,-1,-1,-1,-1,-1,-1,-1,-1,-1,-1,-1,-1,-1,-1,-1,-1,-1,-1,-1,-1,-1,-1,-1,-1,-1,-1,-1,-1,-1,-1,-1,-1,-1,-1,-1,-1,-1,-1,-1,-1,-1,-1,-1,-1,-1,-1,-1,-1,-1,-1,-1,-1,-1,-1,-1,-1,-1,
-1,-1,-1,-1,-1,-1,-1,-1,-1,-1,-1,-1,-1,-1,-1,183,183,183,219,219,219,219,219,219,219,219,219,183,183,-1,-1,-1,-1,-1,-1,-1,-1,-1,-1,-1,-1,-1,-1,-1,-1,-1,-1,-1,-1,-1,-1,-1,-1,-1,-1,-1,-1,-1,-1,-1,-1,-1,-1,-1,-1,-1,-1,-1,-1,-1,-1,-1,-1,-1,-1,-1,-1,-1,-1,-1,-1,-1,-1,-1,-1,-1,-1,-1,-1,-1,-1,-1,-1,-1,-1,-1,-1,-1,-1,-1,
-1,-1,-1,-1,-1,-1,-1,-1,-1,-1,-1,-1,-1,-1,-1,219,219,219,-1,12,-1,-1,-1,-1,-1,-1,-1,219,219,183,183,-1,-1,-1,-1,-1,-1,-1,-1,-1,-1,-1,-1,-1,-1,-1,-1,-1,-1,-1,-1,-1,-1,-1,-1,-1,-1,-1,-1,-1,-1,-1,-1,-1,-1,-1,-1,-1,-1,-1,-1,-1,-1,-1,-1,-1,-1,-1,-1,-1,-1,-1,-1,-1,-1,-1,-1,-1,-1,-1,-1,-1,-1,-1,-1,-1,-1,-1,-1,-1,
-1,-1,-1,-1,-1,-1,-1,-1,-1,-1,-1,-1,-1,183,219,-1,-1,12,12,12,-1,-1,-1,-1,-1,116,-1,-1,117,219,219,183,-1,-1,-1,-1,-1,-1,-1,-1,-1,-1,-1,-1,-1,-1,-1,-1,-1,-1,-1,-1,-1,-1,-1,-1,-1,-1,-1,-1,-1,-1,-1,-1,-1,-1,-1,-1,-1,-1,-1,-1,-1,-1,-1,-1,-1,-1,-1,-1,-1,-1,-1,-1,-1,-1,-1,-1,-1,-1,-1,-1,-1,-1,-1,-1,-1,-1,-1,-1,
-1,-1,-1,-1,-1,-1,-1,-1,-1,-1,-1,-1,183,219,-1,-1,-1,-1,-1,-1,728,729,729,729,729,73-1,-1,-1,-1,-1,-1,183,183,-1,-1,-1,-1,-1,-1,-1,-1,-1,-1,-1,-1,-1,-1,-1,-1,-1,-1,-1,-1,-1,-1,-1,-1,-1,-1,-1,-1,-1,-1,-1,-1,-1,-1,-1,-1,-1,-1,-1,-1,-1,-1,-1,-1,-1,-1,183,219,219,219,219,219,183,-1,-1,-1,-1,-1,-1,-1,-1,-1,-1,-1,-1,-1,-1,
-1,-1,-1,-1,-1,-1,-1,-1,-1,-1,-1,219,219,-1,13,13,18,19,-1,-1,764,765,659,765,765,766,-1,-1,-1,-1,-1,219,183,183,183,183,-1,-1,-1,-1,-1,-1,-1,-1,-1,-1,-1,-1,-1,-1,-1,-1,-1,-1,-1,-1,-1,-1,-1,-1,-1,-1,-1,-1,-1,-1,-1,-1,-1,-1,-1,-1,-1,183,183,183,219,219,219,219,-1,-1,-1,-1,-1,219,219,219,219,219,183,-1,-1,-1,-1,-1,-1,-1,-1,-1,
-1,-1,-1,-1,-1,-1,-1,-1,-1,-1,219,14,14,-1,13,-1,-1,-1,-1,-1,312,312,312,313,313,313,-1,-1,-1,-1,-1,117,219,219,183,183,183,183,183,183,-1,-1,-1,-1,-1,-1,-1,-1,-1,-1,-1,-1,-1,-1,-1,-1,-1,-1,-1,-1,-1,-1,-1,-1,-1,-1,-1,-1,-1,-1,-1,-1,183,219,15-1,219,-1,-1,-1,-1,-1,-1,-1,-1,-1,-1,-1,-1,-1,-1,219,219,219,183,-1,-1,-1,-1,-1,-1,
-1,-1,-1,-1,-1,-1,-1,-1,-1,219,14,14,14,-1,-1,-1,-1,-1,-1,-1,134,372,135,134,375,134,-1,-1,-1,-1,-1,-1,-1,-1,219,219,219,183,183,183,183,183,-1,-1,-1,-1,-1,-1,-1,-1,-1,-1,-1,-1,-1,-1,-1,-1,-1,-1,-1,-1,-1,-1,-1,-1,-1,-1,-1,-1,-1,219,219,-1,186,-1,-1,-1,-1,-1,-1,-1,-1,-1,-1,-1,-1,-1,-1,-1,-1,-1,-1,219,183,-1,-1,-1,-1,-1,
-1,-1,-1,-1,-1,-1,-1,-1,183,-1,14,14,-1,-1,-1,-1,-1,-1,-1,9-1,134,4-18,312,313,412,134,619,619,-1,-1,-1,-1,-1,-1,-1,-1,-1,219,219,219,15-1,219,183,183,183,-1,-1,-1,-1,-1,-1,-1,-1,-1,-1,-1,-1,-1,-1,-1,-1,-1,-1,-1,-1,-1,-1,-1,-1,-1,219,-1,-1,-1,222,-1,-1,-1,-1,-1,-1,-1,-1,-1,-1,-1,-1,-1,-1,-1,-1,-1,-1,-1,219,183,-1,-1,-1,-1,
-1,-1,-1,-1,-1,-1,-1,-1,219,-1,-1,-1,-1,-1,-1,-1,-1,-1,9-1,9-1,348,348,377,377,349,349,619,618,-1,-1,-1,-1,-1,-1,-1,-1,-1,-1,-1,-1,186,-1,219,219,219,219,183,-1,-1,-1,-1,-1,-1,-1,-1,-1,-1,-1,-1,-1,-1,-1,-1,-1,-1,-1,-1,-1,183,219,-1,-1,18-1,-1,-1,-1,-1,-1,-1,-1,-1,-1,-1,-1,-1,-1,-1,-1,-1,-1,-1,-1,121,49,-1,219,183,-1,-1,-1,
-1,-1,-1,-1,-1,-1,-1,183,-1,-1,-1,-1,-1,-1,-1,-1,-1,-1,-1,-1,-1,-1,-1,-1,-1,-1,-1,-1,-1,-1,-1,-1,-1,-1,-1,-1,-1,-1,-1,582,222,-1,-1,-1,-1,-1,219,219,219,219,219,219,219,219,219,219,219,183,183,183,183,219,219,219,219,219,219,219,219,-1,-1,-1,-1,-1,15-1,-1,-1,-1,-1,-1,468,-1,-1,-1,-1,-1,-1,-1,-1,-1,-1,-1,84,85,-1,-1,183,-1,-1,-1,
-1,-1,-1,-1,-1,-1,-1,183,183,-1,-1,-1,-1,-1,-1,-1,-1,-1,-1,-1,-1,-1,-1,-1,-1,-1,-1,-1,-1,-1,-1,-1,-1,-1,-1,-1,-1,-1,-1,-1,-1,-1,-1,-1,-1,-1,-1,-1,-1,-1,-1,-1,-1,-1,-1,-1,-1,219,219,219,219,-1,-1,-1,-1,-1,-1,-1,-1,-1,-1,-1,324,-1,186,-1,-1,-1,-1,-1,-1,-1,-1,-1,-1,-1,-1,-1,-1,-1,-1,-1,-1,-1,-1,-1,183,-1,-1,-1,
-1,-1,-1,-1,-1,-1,-1,-1,183,-1,-1,-1,-1,-1,-1,-1,-1,-1,-1,-1,-1,-1,-1,-1,-1,-1,-1,-1,-1,-1,-1,-1,-1,-1,-1,-1,-1,-1,-1,-1,-1,-1,-1,-1,-1,-1,-1,-1,-1,-1,-1,-1,-1,18-1,-1,-1,-1,-1,-1,-1,-1,-1,-1,-1,-1,-1,-1,-1,-1,-1,-1,-1,183,183,222,-1,-1,-1,-1,-1,-1,-1,-1,-1,-1,-1,-1,-1,-1,-1,-1,-1,-1,-1,-1,-1,183,-1,-1,-1,
-1,-1,-1,-1,-1,-1,-1,-1,183,-1,-1,-1,-1,-1,-1,-1,-1,-1,-1,-1,-1,-1,-1,-1,-1,-1,-1,-1,-1,-1,-1,-1,-1,-1,-1,-1,-1,-1,-1,-1,-1,-1,-1,-1,-1,-1,-1,-1,-1,-1,-1,-1,-1,-1,-1,-1,-1,-1,-1,-1,18-1,-1,-1,-1,-1,-1,324,-1,-1,-1,-1,183,-1,183,-1,-1,-1,-1,-1,-1,-1,-1,-1,-1,-1,-1,-1,-1,-1,-1,-1,-1,-1,-1,-1,-1,183,-1,-1,-1,
-1,-1,-1,-1,-1,-1,-1,-1,183,-1,-1,-1,367,-1,-1,-1,-1,-1,-1,-1,-1,-1,-1,-1,-1,-1,-1,-1,-1,-1,-1,-1,-1,-1,-1,-1,-1,-1,-1,-1,15-1,-1,-1,-1,-1,-1,-1,-1,-1,-1,-1,-1,-1,-1,-1,-1,-1,-1,-1,-1,18-1,-1,-1,-1,-1,-1,-1,183,183,183,183,183,-1,183,-1,-1,-1,-1,-1,-1,-1,-1,-1,-1,-1,-1,-1,-1,-1,-1,-1,-1,-1,-1,-1,-1,183,-1,-1,-1,
-1,-1,-1,-1,-1,-1,-1,-1,-1,183,-1,-1,4-13,271,-1,367,-1,-1,-1,-1,-1,-1,-1,-1,-1,-1,-1,-1,-1,-1,-1,-1,-1,-1,-1,-1,-1,-1,-1,-1,186,-1,-1,-1,-1,-1,-1,-1,183,183,-1,183,183,183,183,-1,-1,-1,-1,-1,-1,-1,-1,-1,-1,183,183,-1,-1,-1,-1,-1,-1,183,-1,-1,-1,-1,-1,-1,-1,-1,-1,-1,-1,-1,-1,-1,-1,-1,-1,-1,-1,-1,-1,-1,183,-1,-1,-1,
-1,-1,-1,-1,-1,-1,-1,-1,-1,183,-1,-1,197,196,196,4-13,-1,-1,-1,-1,-1,-1,-1,-1,-1,-1,-1,-1,-1,-1,-1,-1,-1,-1,-1,-1,-1,-1,-1,-1,222,183,183,183,183,183,183,183,-1,183,183,183,-1,-1,183,183,183,183,183,183,183,183,183,183,183,183,-1,-1,-1,-1,-1,-1,-1,183,-1,-1,-1,-1,-1,-1,-1,-1,-1,-1,-1,-1,-1,-1,-1,-1,-1,-1,-1,-1,-1,-1,183,-1,-1,-1,
-1,-1,-1,-1,-1,-1,-1,-1,-1,183,-1,-1,9-1,-1,-1,-1,-1,-1,-1,-1,-1,-1,-1,-1,-1,-1,-1,-1,-1,-1,-1,-1,-1,111,-1,-1,-1,-1,183,183,183,-1,-1,-1,-1,-1,-1,-1,-1,-1,-1,-1,-1,-1,-1,-1,-1,-1,-1,-1,-1,-1,-1,-1,-1,-1,-1,-1,-1,-1,-1,-1,-1,183,-1,-1,-1,-1,-1,-1,-1,-1,-1,-1,-1,-1,-1,-1,-1,-1,-1,-1,728,73-1,-1,-1,183,-1,-1,-1,
-1,-1,-1,-1,-1,-1,-1,-1,-1,183,183,183,-1,-1,-1,-1,-1,-1,-1,-1,-1,-1,-1,-1,-1,-1,111,-1,-1,-1,-1,-1,-1,-1,-1,-1,-1,-1,183,-1,-1,-1,-1,-1,-1,-1,-1,-1,-1,-1,-1,-1,-1,-1,-1,-1,-1,-1,-1,-1,-1,-1,-1,-1,-1,-1,-1,-1,-1,-1,-1,-1,-1,183,-1,-1,-1,-1,-1,-1,-1,-1,-1,-1,-1,-1,-1,-1,-1,-1,-1,62-1,764,766,622,-1,183,-1,-1,-1,
-1,-1,-1,-1,-1,-1,-1,-1,-1,-1,-1,183,183,183,-1,-1,-1,-1,-1,-1,-1,-1,-1,-1,-1,-1,-1,-1,-1,-1,-1,-1,-1,-1,-1,-1,-1,183,-1,-1,-1,-1,-1,-1,-1,-1,-1,-1,-1,-1,-1,-1,-1,-1,-1,-1,-1,-1,-1,-1,-1,-1,-1,-1,-1,-1,-1,-1,-1,-1,-1,-1,-1,-1,183,-1,-1,-1,-1,-1,-1,-1,-1,-1,-1,-1,-1,-1,-1,-1,-1,656,764,766,658,-1,219,183,-1,-1,
-1,-1,-1,-1,-1,-1,-1,-1,-1,-1,-1,-1,-1,-1,183,-1,-1,-1,-1,-1,-1,-1,-1,-1,-1,-1,-1,-1,-1,-1,-1,-1,-1,-1,579,-1,183,-1,-1,-1,-1,-1,-1,-1,-1,-1,-1,-1,-1,-1,-1,-1,-1,-1,-1,-1,-1,-1,-1,-1,-1,-1,-1,-1,-1,-1,-1,-1,-1,-1,-1,-1,-1,-1,183,-1,-1,-1,-1,-1,-1,-1,-1,-1,-1,-1,-1,-1,-1,-1,-1,692,335,371,694,-1,-1,183,-1,-1,
-1,-1,-1,-1,-1,-1,-1,-1,-1,-1,-1,-1,-1,-1,-1,183,-1,-1,-1,-1,-1,-1,-1,-1,-1,-1,-1,-1,-1,579,-1,-1,-1,-1,-1,-1,183,-1,-1,-1,-1,-1,-1,-1,-1,-1,-1,-1,-1,-1,-1,-1,-1,-1,-1,-1,-1,-1,-1,-1,-1,-1,-1,-1,-1,-1,-1,-1,-1,-1,-1,-1,-1,-1,183,183,-1,-1,-1,-1,-1,-1,-1,-1,-1,-1,-1,-1,-1,-1,-1,322,375,375,323,-1,-1,183,-1,-1,
-1,-1,-1,-1,-1,-1,-1,-1,-1,-1,-1,-1,-1,-1,-1,-1,183,-1,-1,-1,118,-1,-1,-1,579,-1,-1,-1,-1,-1,-1,-1,-1,-1,183,183,-1,-1,-1,-1,-1,-1,-1,-1,-1,-1,-1,-1,-1,-1,-1,-1,-1,-1,-1,-1,-1,-1,-1,-1,-1,-1,-1,-1,-1,-1,-1,-1,-1,-1,-1,-1,-1,-1,-1,183,-1,-1,-1,-1,-1,-1,-1,-1,-1,-1,-1,-1,-1,-1,-1,177,376,412,141,-1,-1,183,-1,-1,
-1,-1,-1,-1,-1,-1,-1,-1,-1,-1,-1,-1,-1,-1,-1,-1,-1,183,-1,-1,-1,-1,-1,-1,-1,-1,-1,-1,-1,-1,-1,-1,-1,-1,183,-1,-1,-1,-1,-1,-1,-1,-1,-1,-1,-1,-1,-1,-1,-1,-1,-1,-1,-1,-1,-1,-1,-1,-1,-1,-1,-1,-1,-1,-1,-1,-1,-1,-1,-1,-1,-1,-1,-1,-1,183,-1,-1,-1,-1,-1,-1,-1,-1,-1,-1,-1,-1,-1,-1,-1,177,322,323,177,194,195,183,-1,-1,
-1,-1,-1,-1,-1,-1,-1,-1,-1,-1,-1,-1,-1,-1,-1,-1,-1,-1,183,183,-1,-1,-1,-1,-1,-1,-1,-1,-1,-1,-1,-1,8-1,81,183,-1,-1,-1,-1,-1,-1,-1,-1,-1,-1,-1,-1,-1,-1,-1,-1,-1,-1,-1,-1,-1,-1,-1,-1,-1,-1,-1,-1,-1,-1,-1,-1,-1,-1,-1,-1,-1,-1,-1,-1,183,183,-1,-1,-1,-1,-1,-1,-1,-1,-1,-1,-1,-1,-1,-1,358,377,377,359,23-1,231,183,-1,-1,
-1,-1,-1,-1,-1,-1,-1,-1,-1,-1,-1,-1,-1,-1,-1,-1,-1,-1,-1,-1,183,183,183,-1,332,-1,-1,-1,-1,183,-1,-1,-1,183,-1,-1,-1,-1,-1,-1,-1,-1,-1,-1,-1,-1,-1,-1,-1,-1,-1,-1,-1,-1,-1,-1,-1,-1,-1,-1,-1,-1,-1,-1,-1,-1,-1,-1,-1,-1,-1,-1,-1,-1,-1,-1,183,-1,-1,-1,-1,-1,-1,-1,-1,-1,-1,-1,-1,-1,-1,-1,-1,194,195,194,195,183,-1,-1,
-1,-1,-1,-1,-1,-1,-1,-1,-1,-1,-1,-1,-1,-1,-1,-1,-1,-1,-1,-1,-1,-1,183,183,183,183,-1,183,183,-1,183,183,183,183,-1,-1,-1,-1,-1,-1,-1,-1,-1,-1,-1,-1,-1,-1,-1,-1,-1,-1,-1,-1,-1,-1,-1,-1,-1,-1,-1,-1,-1,-1,-1,-1,-1,-1,-1,-1,-1,-1,-1,-1,-1,-1,183,-1,-1,-1,-1,-1,-1,-1,-1,-1,-1,-1,-1,-1,-1,-1,-1,23-1,231,23-1,231,183,-1,-1,
-1,-1,-1,-1,-1,-1,-1,-1,-1,-1,-1,-1,-1,-1,-1,-1,-1,-1,-1,-1,-1,-1,-1,-1,183,183,183,183,-1,-1,-1,-1,-1,-1,-1,-1,-1,-1,-1,-1,-1,-1,-1,-1,-1,-1,-1,-1,-1,-1,-1,-1,-1,-1,-1,-1,-1,-1,-1,-1,-1,-1,-1,-1,-1,-1,-1,-1,-1,-1,-1,-1,-1,-1,-1,-1,183,-1,-1,-1,-1,-1,-1,-1,-1,-1,-1,-1,-1,-1,-1,-1,-1,-1,-1,-1,-1,183,-1,-1,
-1,-1,-1,-1,-1,-1,-1,-1,-1,-1,-1,-1,-1,-1,-1,-1,-1,-1,-1,-1,-1,-1,-1,-1,-1,-1,-1,-1,-1,-1,-1,-1,-1,-1,-1,-1,-1,-1,-1,-1,-1,-1,-1,-1,-1,-1,-1,-1,-1,-1,-1,-1,-1,-1,-1,-1,-1,-1,-1,-1,-1,-1,-1,-1,-1,-1,-1,-1,-1,-1,-1,-1,-1,-1,-1,-1,183,-1,-1,-1,-1,-1,-1,-1,-1,18-1,-1,-1,-1,-1,-1,-1,-1,-1,-1,-1,183,183,-1,-1,
-1,-1,-1,-1,-1,-1,-1,-1,-1,-1,-1,-1,-1,-1,-1,-1,-1,-1,-1,-1,-1,-1,-1,-1,-1,-1,-1,-1,-1,-1,-1,-1,-1,-1,-1,-1,-1,-1,-1,-1,-1,-1,-1,-1,-1,-1,219,219,219,219,-1,-1,-1,-1,-1,-1,-1,-1,-1,-1,-1,183,-1,-1,-1,-1,-1,-1,-1,-1,-1,-1,-1,-1,-1,-1,183,-1,-1,18-1,-1,-1,-1,-1,-1,-1,-1,-1,-1,-1,-1,-1,-1,-1,-1,-1,183,-1,-1,-1,
-1,-1,-1,-1,-1,-1,-1,-1,-1,-1,-1,-1,-1,-1,-1,-1,-1,-1,-1,-1,-1,-1,-1,-1,-1,-1,-1,-1,-1,-1,-1,-1,-1,-1,-1,-1,-1,-1,-1,-1,-1,-1,-1,-1,-1,219,-1,-1,-1,-1,219,219,219,219,219,219,219,219,219,219,219,15-1,219,-1,-1,-1,-1,-1,-1,-1,-1,-1,-1,-1,-1,183,219,-1,-1,-1,-1,-1,324,-1,-1,-1,-1,-1,-1,-1,-1,-1,-1,8-1,81,-1,183,-1,-1,-1,
-1,-1,-1,-1,-1,-1,-1,-1,-1,-1,-1,-1,-1,-1,-1,-1,-1,-1,-1,-1,-1,-1,-1,-1,-1,-1,-1,-1,-1,-1,-1,-1,-1,-1,-1,-1,-1,-1,-1,-1,-1,-1,-1,219,219,-1,-1,-1,-1,-1,-1,-1,-1,-1,-1,-1,-1,-1,-1,-1,-1,186,-1,219,219,219,219,219,219,219,219,219,219,219,219,15-1,-1,-1,-1,-1,-1,-1,-1,-1,-1,-1,-1,-1,-1,-1,-1,-1,-1,-1,-1,183,183,-1,-1,-1,
-1,-1,-1,-1,-1,-1,-1,-1,-1,-1,-1,-1,-1,-1,-1,-1,-1,-1,-1,-1,-1,-1,-1,-1,-1,-1,-1,-1,-1,-1,-1,-1,-1,-1,-1,-1,-1,-1,-1,-1,-1,219,219,-1,-1,-1,-1,-1,-1,-1,-1,-1,-1,-1,-1,-1,-1,-1,-1,-1,-1,222,-1,-1,-1,-1,-1,-1,-1,-1,-1,-1,-1,-1,-1,186,-1,-1,-1,-1,-1,-1,-1,18-1,-1,-1,-1,-1,324,-1,-1,-1,-1,-1,183,183,-1,-1,-1,-1,
-1,-1,-1,-1,-1,-1,-1,-1,-1,-1,-1,-1,-1,-1,-1,-1,-1,-1,-1,-1,-1,-1,-1,-1,-1,-1,-1,-1,-1,-1,-1,-1,-1,-1,-1,-1,-1,-1,-1,219,219,-1,-1,-1,-1,-1,-1,-1,-1,-1,-1,-1,-1,-1,-1,-1,-1,-1,-1,-1,-1,-1,-1,-1,-1,-1,-1,-1,-1,-1,-1,-1,-1,-1,-1,222,-1,-1,-1,-1,-1,-1,-1,-1,-1,-1,-1,-1,-1,-1,183,183,183,183,183,-1,-1,-1,-1,-1,
-1,-1,-1,-1,-1,-1,-1,-1,-1,-1,-1,-1,-1,-1,-1,-1,-1,-1,-1,-1,-1,-1,-1,-1,-1,183,183,219,219,219,219,219,219,219,219,219,219,219,219,-1,-1,-1,-1,-1,-1,-1,-1,-1,-1,-1,-1,-1,-1,-1,-1,-1,-1,-1,-1,-1,-1,-1,-1,-1,-1,468,-1,-1,-1,-1,-1,-1,-1,-1,-1,-1,-1,-1,-1,-1,-1,-1,-1,-1,-1,-1,-1,-1,183,183,183,-1,-1,-1,-1,-1,-1,-1,-1,-1,
-1,-1,-1,-1,-1,-1,-1,-1,-1,-1,-1,-1,-1,-1,-1,-1,-1,-1,-1,-1,-1,-1,-1,-1,-1,183,219,-1,-1,-1,-1,-1,-1,-1,-1,-1,-1,-1,-1,-1,-1,-1,-1,-1,-1,-1,-1,-1,-1,-1,-1,-1,-1,-1,-1,-1,-1,-1,-1,-1,-1,-1,-1,-1,-1,468,-1,-1,-1,-1,-1,-1,-1,-1,-1,-1,-1,-1,-1,-1,-1,468,-1,-1,-1,183,183,183,183,-1,-1,-1,-1,-1,-1,-1,-1,-1,-1,-1,
-1,-1,-1,-1,-1,-1,183,219,219,219,219,-1,-1,-1,-1,-1,-1,-1,-1,-1,-1,-1,-1,-1,-1,183,-1,-1,-1,-1,-1,-1,-1,-1,-1,-1,-1,-1,-1,-1,-1,-1,-1,-1,-1,-1,-1,-1,-1,-1,-1,-1,-1,-1,-1,-1,-1,-1,-1,-1,-1,15-1,-1,-1,368,-1,-1,468,-1,-1,-1,-1,-1,-1,-1,15-1,-1,-1,-1,-1,-1,-1,-1,-1,183,183,-1,-1,-1,-1,-1,-1,-1,-1,-1,-1,-1,-1,-1,-1,
-1,-1,-1,-1,-1,219,219,-1,118,-1,-1,219,219,-1,-1,-1,-1,-1,-1,-1,-1,-1,-1,-1,-1,183,-1,-1,-1,-1,-1,-1,-1,-1,-1,-1,-1,-1,-1,-1,-1,-1,-1,-1,-1,-1,-1,-1,-1,-1,-1,-1,-1,-1,-1,-1,-1,-1,-1,-1,-1,186,183,183,183,183,183,183,183,-1,-1,-1,-1,-1,-1,186,-1,-1,-1,-1,-1,-1,-1,183,183,-1,-1,-1,-1,-1,-1,-1,-1,-1,-1,-1,-1,-1,-1,-1,
-1,-1,-1,-1,219,-1,-1,-1,-1,-1,-1,-1,-1,219,-1,-1,-1,-1,-1,-1,-1,-1,-1,-1,-1,183,-1,15-1,-1,-1,-1,-1,-1,-1,-1,-1,-1,-1,-1,-1,-1,-1,-1,-1,-1,-1,-1,-1,-1,-1,-1,-1,-1,-1,-1,-1,-1,-1,-1,-1,-1,222,183,183,-1,-1,-1,-1,183,183,183,183,-1,-1,-1,222,-1,-1,-1,-1,183,183,183,183,-1,-1,-1,-1,-1,-1,-1,-1,-1,-1,-1,-1,-1,-1,-1,-1,
-1,-1,183,219,-1,-1,-1,-1,-1,-1,-1,118,-1,-1,219,-1,-1,-1,-1,-1,-1,-1,-1,-1,-1,183,-1,186,-1,-1,-1,-1,-1,-1,-1,-1,-1,-1,-1,-1,-1,-1,-1,-1,-1,-1,-1,-1,-1,-1,-1,148,149,-1,-1,-1,-1,-1,-1,-1,-1,-1,183,183,-1,-1,-1,-1,-1,-1,-1,183,183,183,183,183,183,183,183,183,183,183,-1,-1,-1,-1,-1,-1,-1,-1,-1,-1,-1,-1,-1,-1,-1,-1,-1,-1,
-1,-1,183,-1,-1,-1,-1,-1,-1,-1,-1,-1,-1,-1,-1,219,-1,-1,-1,-1,-1,-1,183,219,219,219,-1,222,-1,-1,-1,-1,-1,-1,-1,-1,4,4,4,-1,-1,-1,-1,-1,4,4,-1,-1,-1,-1,-1,184,185,-1,-1,-1,-1,-1,-1,-1,-1,-1,219,183,-1,-1,-1,-1,-1,-1,-1,-1,-1,-1,-1,-1,-1,-1,-1,-1,-1,-1,-1,-1,-1,-1,-1,-1,-1,-1,-1,-1,-1,-1,-1,-1,-1,-1,-1,-1,
-1,-1,183,-1,116,-1,-1,-1,-1,-1,-1,-1,-1,-1,-1,-1,219,219,219,219,219,219,219,-1,-1,-1,-1,-1,-1,-1,-1,-1,-1,-1,-1,4,4-1,4-1,4-1,732,699,733,734,-1,4-1,4-1,4,-1,-1,-1,-1,22-1,221,-1,-1,-1,-1,-1,-1,-1,-1,-1,-1,183,-1,-1,-1,-1,-1,-1,-1,-1,-1,-1,-1,-1,-1,-1,-1,-1,-1,-1,-1,-1,-1,-1,-1,-1,-1,-1,-1,-1,-1,-1,-1,-1,-1,-1,-1,-1,
-1,-1,183,-1,-1,-1,-1,-1,18-1,-1,-1,-1,-1,-1,-1,-1,-1,-1,-1,-1,-1,-1,-1,-1,-1,-1,-1,-1,-1,-1,-1,-1,-1,-1,-1,4-1,-1,-1,-1,768,769,769,77-1,-1,-1,-1,4-1,-1,-1,-1,-1,-1,148,149,-1,-1,-1,-1,-1,-1,-1,-1,-1,219,183,-1,-1,-1,-1,-1,-1,-1,-1,-1,-1,-1,-1,-1,-1,-1,-1,-1,-1,-1,-1,-1,-1,-1,-1,-1,-1,-1,-1,-1,-1,-1,-1,-1,-1,-1,
-1,-1,183,-1,-1,-1,-1,-1,-1,-1,-1,-1,-1,18-1,-1,-1,-1,-1,-1,-1,-1,-1,-1,-1,-1,-1,-1,-1,-1,-1,-1,-1,-1,-1,-1,4,-1,-1,-1,768,334,4-17,698,-1,-1,-1,4,-1,-1,-1,-1,-1,184,185,-1,-1,-1,-1,-1,-1,-1,8-1,81,-1,219,183,-1,-1,-1,-1,-1,-1,-1,-1,-1,-1,-1,-1,-1,-1,-1,-1,-1,-1,-1,-1,-1,-1,-1,-1,-1,-1,-1,-1,-1,-1,-1,-1,-1,-1,
-1,-1,183,-1,-1,-1,-1,18-1,-1,-1,18-1,-1,-1,-1,-1,-1,-1,-1,183,183,183,183,183,183,183,-1,-1,15-1,-1,-1,-1,-1,-1,-1,-1,4-1,-1,-1,-1,32-1,337,338,321,-1,-1,-1,4-1,-1,-1,-1,-1,-1,22-1,221,-1,-1,-1,-1,-1,-1,-1,-1,-1,-1,-1,183,-1,-1,-1,-1,-1,-1,-1,-1,-1,-1,-1,-1,-1,-1,-1,-1,-1,-1,-1,-1,-1,-1,-1,-1,-1,-1,-1,-1,-1,-1,-1,-1,-1,-1,
-1,-1,183,183,-1,-1,-1,-1,-1,-1,-1,-1,18-1,-1,-1,-1,-1,-1,183,-1,-1,-1,-1,-1,-1,183,183,186,-1,-1,-1,-1,-1,-1,-1,4,-1,-1,-1,177,-1,-1,177,111,-1,111,4,-1,-1,-1,-1,148,149,-1,-1,-1,-1,-1,-1,-1,-1,-1,-1,-1,-1,183,-1,-1,-1,-1,-1,-1,-1,-1,-1,-1,-1,-1,-1,-1,-1,-1,-1,-1,-1,-1,-1,-1,-1,-1,-1,-1,-1,-1,-1,-1,-1,-1,-1,-1,
-1,-1,-1,183,-1,-1,-1,18-1,-1,-1,18-1,-1,-1,-1,-1,-1,-1,-1,183,-1,-1,-1,-1,-1,-1,-1,183,222,-1,-1,-1,-1,-1,-1,-1,4-1,-1,-1,-1,177,-1,-1,177,-1,111,-1,4-1,-1,-1,-1,-1,184,185,-1,-1,-1,-1,-1,-1,-1,-1,-1,-1,-1,116,183,-1,-1,-1,-1,-1,-1,-1,-1,-1,-1,-1,-1,-1,-1,-1,-1,-1,-1,-1,-1,-1,-1,-1,-1,-1,-1,-1,-1,-1,-1,-1,-1,-1,-1,
-1,-1,-1,219,-1,-1,-1,-1,-1,-1,-1,18-1,-1,-1,-1,-1,116,183,183,-1,-1,-1,-1,-1,-1,-1,183,-1,-1,-1,-1,-1,-1,-1,-1,413,414,415,368,356,356,357,357,368,413,414,415,-1,-1,-1,-1,22-1,221,-1,-1,-1,-1,-1,-1,-1,-1,-1,-1,-1,-1,183,-1,-1,-1,-1,-1,-1,-1,-1,-1,-1,-1,-1,-1,-1,-1,-1,-1,-1,-1,-1,-1,-1,-1,-1,-1,-1,-1,-1,-1,-1,-1,-1,-1,-1,
-1,-1,183,-1,-1,-1,327,-1,-1,-1,-1,-1,-1,-1,-1,-1,-1,183,-1,-1,-1,-1,-1,-1,-1,-1,183,-1,-1,-1,-1,-1,-1,-1,-1,-1,-1,-1,-1,-1,-1,-1,-1,-1,-1,-1,-1,-1,-1,-1,-1,-1,-1,-1,-1,-1,-1,-1,-1,-1,-1,116,-1,-1,-1,183,-1,-1,-1,-1,-1,-1,-1,-1,-1,-1,-1,-1,-1,-1,-1,-1,-1,-1,-1,-1,-1,-1,-1,-1,-1,-1,-1,-1,-1,-1,-1,-1,-1,-1,
-1,-1,183,183,-1,-1,363,-1,-1,-1,-1,-1,-1,-1,-1,-1,183,-1,-1,-1,-1,-1,-1,-1,-1,-1,-1,183,-1,-1,-1,-1,-1,-1,-1,-1,-1,-1,-1,-1,-1,-1,-1,-1,-1,-1,-1,-1,-1,-1,-1,-1,-1,-1,-1,-1,-1,-1,-1,-1,-1,-1,-1,116,-1,183,-1,-1,-1,-1,-1,-1,-1,-1,-1,-1,-1,-1,-1,-1,-1,-1,-1,-1,-1,-1,-1,-1,-1,-1,-1,-1,-1,-1,-1,-1,-1,-1,-1,-1,
-1,-1,-1,183,-1,-1,-1,-1,-1,-1,-1,-1,-1,-1,-1,-1,183,-1,-1,-1,-1,-1,-1,-1,-1,-1,-1,183,-1,-1,-1,-1,-1,-1,-1,-1,-1,-1,-1,-1,-1,-1,-1,-1,-1,-1,-1,-1,-1,-1,-1,-1,-1,-1,-1,-1,-1,-1,-1,-1,-1,-1,-1,-1,183,183,-1,-1,-1,-1,-1,-1,-1,-1,-1,-1,-1,-1,-1,-1,-1,-1,-1,-1,-1,-1,-1,-1,-1,-1,-1,-1,-1,-1,-1,-1,-1,-1,-1,-1,
-1,-1,-1,183,183,-1,-1,-1,-1,-1,-1,-1,-1,83,-1,183,-1,-1,-1,-1,-1,-1,-1,-1,-1,-1,-1,183,-1,-1,-1,-1,-1,-1,-1,-1,-1,-1,-1,-1,-1,-1,-1,-1,-1,-1,-1,-1,-1,-1,-1,-1,-1,-1,-1,-1,-1,-1,-1,-1,-1,-1,183,183,183,-1,-1,-1,-1,-1,-1,-1,-1,-1,-1,-1,-1,-1,-1,-1,-1,-1,-1,-1,-1,-1,-1,-1,-1,-1,-1,-1,-1,-1,-1,-1,-1,-1,-1,-1,
-1,-1,-1,-1,183,183,8-1,81,-1,-1,-1,-1,-1,119,183,-1,-1,-1,-1,-1,-1,-1,-1,-1,-1,-1,-1,183,-1,-1,-1,-1,-1,-1,-1,-1,-1,-1,-1,-1,-1,-1,-1,-1,-1,-1,-1,-1,-1,-1,-1,-1,-1,-1,-1,-1,-1,-1,-1,183,183,183,183,-1,-1,-1,-1,-1,-1,-1,-1,-1,-1,-1,-1,-1,-1,-1,-1,-1,-1,-1,-1,-1,-1,-1,-1,-1,-1,-1,-1,-1,-1,-1,-1,-1,-1,-1,-1,-1,
-1,-1,-1,-1,-1,183,183,183,183,-1,-1,-1,183,183,-1,-1,-1,-1,-1,-1,-1,-1,-1,-1,-1,-1,183,219,5-1,51,52,53,-1,-1,-1,-1,-1,-1,-1,-1,-1,-1,-1,-1,-1,-1,-1,-1,-1,-1,-1,-1,-1,-1,-1,-1,-1,-1,-1,183,-1,-1,-1,-1,-1,-1,-1,-1,-1,-1,-1,-1,-1,-1,-1,-1,-1,-1,-1,-1,-1,-1,-1,-1,-1,-1,-1,-1,-1,-1,-1,-1,-1,-1,-1,-1,-1,-1,-1,-1,
-1,-1,-1,-1,-1,-1,-1,-1,183,-1,183,183,-1,-1,-1,-1,-1,-1,-1,-1,-1,-1,-1,-1,-1,-1,183,-1,86,87,88,89,183,-1,-1,-1,-1,-1,-1,-1,-1,-1,-1,-1,-1,-1,-1,-1,-1,-1,-1,-1,-1,-1,-1,-1,-1,-1,-1,183,-1,-1,-1,-1,-1,-1,-1,-1,-1,-1,-1,-1,-1,-1,-1,-1,183,183,183,183,183,183,-1,-1,-1,-1,-1,-1,-1,-1,-1,-1,-1,-1,-1,-1,-1,-1,-1,-1,
-1,-1,-1,-1,-1,-1,-1,-1,183,-1,183,-1,-1,-1,-1,-1,-1,-1,-1,-1,-1,-1,-1,-1,-1,-1,183,-1,-1,-1,-1,-1,183,183,183,183,8-1,81,-1,-1,-1,-1,-1,-1,-1,-1,-1,-1,-1,-1,-1,-1,-1,-1,-1,-1,-1,-1,-1,183,-1,-1,-1,-1,-1,-1,-1,-1,-1,-1,-1,-1,-1,-1,183,183,183,219,219,219,183,183,-1,-1,-1,-1,-1,-1,-1,-1,-1,-1,-1,-1,-1,-1,-1,-1,-1,-1,
-1,-1,-1,-1,-1,-1,-1,-1,183,-1,183,183,-1,-1,-1,-1,-1,-1,-1,-1,-1,-1,-1,-1,-1,-1,183,183,324,-1,-1,324,183,183,183,183,183,183,183,183,183,183,183,183,183,183,-1,-1,-1,-1,-1,-1,-1,-1,-1,-1,-1,-1,183,183,-1,-1,-1,-1,-1,-1,-1,-1,-1,-1,-1,-1,-1,183,183,219,219,-1,-1,-1,219,219,219,183,-1,-1,-1,-1,-1,-1,-1,-1,-1,-1,-1,-1,-1,-1,-1,-1,
-1,-1,-1,-1,-1,-1,-1,-1,183,-1,-1,-1,183,-1,-1,-1,-1,-1,-1,-1,-1,-1,-1,-1,-1,-1,183,183,-1,-1,-1,-1,183,183,183,183,183,183,183,183,183,183,183,183,183,183,183,15-1,-1,-1,-1,-1,-1,15-1,-1,-1,-1,183,183,-1,-1,-1,-1,-1,-1,-1,-1,-1,-1,-1,-1,-1,183,183,219,-1,-1,-1,-1,-1,-1,-1,-1,219,219,-1,-1,-1,-1,-1,-1,-1,-1,-1,-1,-1,-1,-1,-1,-1,
-1,-1,-1,-1,-1,-1,-1,-1,183,183,183,-1,183,-1,-1,-1,-1,-1,-1,-1,-1,-1,-1,-1,-1,-1,183,183,-1,-1,-1,-1,183,183,183,-1,-1,-1,-1,-1,-1,-1,-1,-1,-1,-1,183,186,-1,-1,-1,-1,-1,186,183,183,183,183,-1,-1,-1,-1,-1,-1,-1,-1,-1,-1,-1,-1,-1,-1,183,219,-1,-1,116,-1,732,733,733,734,-1,-1,-1,219,219,-1,-1,-1,-1,-1,-1,-1,-1,-1,-1,-1,-1,-1,
-1,-1,-1,-1,-1,-1,-1,-1,183,-1,-1,-1,183,-1,-1,-1,-1,-1,-1,-1,-1,-1,-1,-1,-1,-1,-1,219,-1,18-1,-1,-1,219,183,183,-1,-1,-1,-1,-1,-1,-1,-1,-1,-1,-1,183,222,-1,-1,-1,-1,-1,222,183,-1,-1,-1,-1,-1,-1,-1,-1,-1,-1,-1,-1,-1,-1,-1,-1,183,219,-1,-1,-1,-1,624,768,769,769,77-1,626,-1,-1,-1,-1,219,-1,-1,-1,-1,-1,-1,-1,-1,-1,-1,-1,-1,
-1,-1,-1,-1,-1,-1,-1,-1,183,-1,183,183,-1,-1,-1,-1,-1,-1,-1,-1,-1,-1,-1,-1,-1,-1,183,-1,-1,-1,-1,-1,-1,183,183,-1,-1,-1,-1,-1,-1,-1,-1,-1,-1,-1,183,-1,-1,-1,-1,-1,-1,-1,183,-1,-1,-1,-1,-1,-1,-1,-1,-1,-1,-1,-1,-1,-1,-1,183,183,-1,-1,-1,-1,-1,66-1,768,769,769,77-1,662,-1,-1,-1,-1,-1,219,183,-1,-1,-1,-1,-1,-1,-1,-1,-1,-1,
-1,-1,-1,-1,-1,-1,183,219,219,-1,219,219,-1,-1,-1,-1,-1,-1,-1,-1,-1,-1,-1,-1,-1,-1,183,8-1,81,-1,-1,-1,18-1,219,219,183,-1,-1,-1,-1,-1,-1,-1,-1,-1,-1,183,-1,-1,324,324,324,-1,-1,183,-1,-1,-1,-1,-1,-1,-1,-1,-1,-1,-1,-1,-1,-1,-1,183,219,-1,-1,-1,-1,-1,696,697,697,697,697,698,-1,-1,-1,-1,-1,-1,219,-1,-1,-1,-1,-1,-1,-1,-1,-1,-1,
-1,-1,-1,-1,-1,-1,183,111,111,111,111,111,183,-1,-1,-1,-1,-1,-1,-1,-1,-1,-1,-1,-1,-1,183,183,-1,18-1,-1,-1,-1,-1,-1,183,-1,-1,-1,-1,-1,-1,-1,-1,-1,-1,183,-1,-1,-1,-1,-1,-1,-1,183,-1,-1,-1,-1,-1,-1,-1,-1,-1,-1,-1,-1,-1,-1,-1,183,-1,-1,-1,-1,-1,-1,-1,37-1,4-16,371,4-17,-1,-1,-1,-1,-1,-1,-1,-1,219,-1,-1,-1,-1,-1,-1,-1,-1,-1,
-1,-1,-1,-1,-1,-1,183,111,111,111,111,111,183,-1,-1,-1,-1,-1,-1,-1,-1,-1,-1,-1,-1,-1,-1,183,183,-1,-1,-1,-1,-1,-1,183,-1,-1,-1,-1,-1,-1,-1,-1,-1,-1,183,-1,-1,468,468,468,-1,-1,183,183,-1,-1,-1,-1,-1,-1,-1,-1,-1,-1,-1,-1,-1,183,183,-1,-1,-1,-1,-1,-1,-1,375,-1,-1,375,-1,-1,-1,-1,-1,-1,-1,-1,-1,183,183,-1,-1,-1,-1,-1,-1,-1,
-1,-1,-1,-1,-1,-1,183,111,111,111,111,111,183,-1,-1,-1,-1,-1,-1,-1,-1,-1,-1,-1,-1,-1,-1,-1,183,183,-1,-1,-1,-1,18-1,183,-1,-1,-1,-1,-1,-1,-1,-1,-1,-1,183,183,-1,-1,-1,-1,-1,-1,219,183,-1,-1,-1,-1,-1,-1,-1,-1,-1,-1,-1,-1,-1,183,219,-1,-1,-1,-1,4-15,4-15,-1,412,-1,-1,412,-1,4-14,4-15,-1,-1,-1,-1,-1,-1,219,183,-1,-1,-1,-1,-1,-1,-1,
-1,-1,-1,-1,-1,-1,183,183,183,183,183,183,183,-1,-1,-1,-1,-1,-1,-1,-1,-1,-1,-1,-1,-1,-1,-1,-1,183,-1,-1,-1,-1,-1,183,-1,-1,-1,-1,-1,-1,-1,-1,-1,-1,-1,183,-1,-1,-1,-1,-1,-1,-1,183,-1,-1,-1,-1,-1,-1,-1,-1,-1,-1,-1,-1,-1,183,-1,-1,-1,-1,-1,4-14,4-15,-1,-1,377,377,-1,-1,4-15,4-14,-1,-1,-1,-1,-1,-1,-1,219,183,-1,-1,-1,-1,-1,-1,
-1,-1,-1,-1,-1,-1,-1,-1,-1,-1,-1,-1,-1,-1,-1,-1,-1,-1,-1,-1,-1,-1,-1,-1,-1,-1,-1,-1,-1,183,-1,-1,-1,-1,-1,183,-1,-1,-1,-1,-1,-1,-1,-1,-1,-1,-1,183,-1,-1,-1,-1,-1,-1,-1,183,-1,-1,-1,-1,-1,-1,-1,-1,-1,-1,-1,-1,-1,183,-1,-1,-1,-1,-1,-1,-1,-1,-1,-1,-1,-1,-1,-1,-1,-1,-1,-1,-1,-1,-1,-1,-1,183,-1,-1,-1,-1,-1,-1,
-1,-1,-1,-1,-1,-1,-1,-1,-1,-1,-1,-1,-1,-1,-1,-1,-1,-1,-1,-1,-1,-1,-1,-1,-1,-1,-1,-1,-1,183,183,-1,-1,-1,-1,183,-1,-1,-1,-1,-1,-1,-1,-1,-1,-1,-1,183,-1,-1,-1,-1,-1,116,-1,183,-1,-1,-1,-1,-1,-1,-1,-1,-1,-1,-1,-1,183,183,-1,-1,-1,-1,-1,-1,-1,-1,-1,-1,-1,-1,-1,-1,-1,-1,-1,-1,-1,-1,-1,18-1,-1,183,-1,-1,-1,-1,-1,-1,
-1,-1,-1,-1,-1,-1,-1,-1,-1,-1,-1,-1,-1,-1,-1,-1,-1,-1,-1,-1,-1,-1,-1,-1,-1,-1,-1,-1,-1,-1,183,-1,-1,-1,-1,183,-1,-1,-1,-1,-1,-1,-1,-1,-1,-1,183,219,-1,-1,-1,-1,-1,-1,183,183,-1,-1,-1,-1,-1,-1,-1,-1,-1,-1,-1,-1,183,219,-1,-1,-1,-1,-1,-1,-1,-1,-1,-1,-1,-1,-1,-1,-1,-1,-1,-1,-1,-1,18-1,-1,-1,219,183,-1,-1,-1,-1,-1,
-1,-1,-1,-1,-1,-1,-1,-1,-1,-1,-1,-1,-1,-1,-1,-1,-1,-1,-1,-1,-1,-1,-1,-1,-1,-1,-1,-1,-1,-1,183,-1,-1,-1,-1,219,183,-1,-1,-1,-1,-1,-1,-1,-1,-1,183,-1,-1,-1,-1,-1,-1,-1,183,-1,-1,-1,-1,-1,-1,-1,-1,-1,-1,-1,-1,-1,183,-1,-1,-1,-1,-1,-1,-1,-1,-1,-1,-1,-1,-1,-1,-1,-1,-1,-1,18-1,-1,-1,-1,-1,-1,-1,183,-1,-1,-1,-1,-1,
-1,-1,-1,-1,-1,-1,-1,-1,-1,-1,-1,-1,-1,-1,-1,-1,-1,-1,-1,-1,-1,-1,-1,-1,-1,-1,-1,-1,-1,-1,183,-1,-1,-1,-1,-1,183,-1,-1,-1,-1,-1,-1,-1,-1,-1,183,116,-1,-1,-1,-1,-1,-1,183,-1,-1,-1,-1,-1,-1,-1,-1,-1,-1,-1,-1,-1,183,-1,-1,-1,-1,-1,-1,-1,-1,-1,-1,-1,-1,255,-1,-1,-1,324,-1,-1,-1,-1,-1,-1,-1,-1,183,-1,-1,-1,-1,-1,
-1,-1,-1,-1,-1,-1,-1,-1,-1,-1,-1,183,219,219,219,219,183,183,-1,-1,-1,-1,-1,-1,-1,-1,-1,183,219,219,219,-1,-1,-1,18-1,-1,183,-1,-1,-1,-1,-1,-1,-1,-1,-1,183,-1,-1,-1,-1,-1,-1,-1,219,183,-1,-1,-1,-1,-1,-1,-1,-1,-1,-1,-1,-1,183,-1,-1,-1,-1,-1,-1,-1,-1,-1,111,-1,-1,-1,-1,-1,-1,-1,-1,-1,-1,-1,-1,324,-1,-1,183,-1,-1,-1,-1,-1,
-1,-1,-1,-1,-1,-1,-1,-1,-1,-1,183,219,78,79,-1,111,219,219,183,183,183,183,183,183,219,219,219,219,-1,-1,-1,255,-1,-1,-1,-1,183,-1,-1,-1,-1,-1,-1,-1,-1,-1,-1,183,-1,116,-1,-1,-1,-1,-1,219,183,-1,-1,-1,-1,-1,-1,-1,-1,-1,-1,-1,183,-1,-1,-1,-1,-1,-1,-1,-1,111,-1,111,-1,-1,-1,-1,-1,-1,-1,324,-1,-1,-1,-1,-1,-1,183,-1,-1,-1,-1,-1,
-1,-1,-1,-1,-1,-1,-1,-1,-1,183,219,-1,114,115,-1,-1,-1,-1,183,183,219,219,219,219,-1,-1,-1,-1,-1,-1,-1,-1,-1,-1,-1,255,183,-1,-1,-1,-1,-1,-1,-1,-1,-1,-1,-1,183,183,-1,-1,-1,-1,-1,-1,219,219,183,183,183,183,183,183,183,183,219,219,219,-1,-1,-1,-1,-1,-1,-1,-1,-1,-1,-1,-1,-1,-1,-1,324,-1,-1,-1,-1,18-1,-1,-1,-1,-1,183,-1,-1,-1,-1,-1,
-1,-1,-1,-1,-1,-1,-1,-1,183,219,-1,-1,-1,-1,-1,-1,-1,-1,219,219,219,-1,-1,-1,-1,183,183,183,369,-1,-1,-1,-1,-1,-1,-1,183,-1,-1,-1,-1,-1,-1,-1,-1,-1,-1,-1,-1,-1,183,-1,-1,-1,-1,18-1,18-1,18-1,219,219,219,219,219,219,219,219,-1,-1,-1,-1,-1,-1,-1,-1,-1,-1,-1,-1,-1,-1,-1,-1,-1,-1,-1,-1,-1,-1,-1,-1,-1,-1,18-1,-1,183,-1,-1,-1,-1,-1,
-1,-1,-1,-1,-1,-1,-1,-1,183,111,-1,-1,-1,413,414,415,-1,-1,219,219,-1,-1,183,183,183,183,-1,183,-1,-1,-1,-1,-1,-1,-1,-1,219,183,-1,-1,-1,-1,-1,-1,-1,-1,-1,-1,-1,-1,-1,183,183,-1,-1,18-1,18-1,18-1,-1,324,-1,468,468,-1,-1,-1,-1,-1,-1,-1,-1,-1,-1,-1,-1,-1,-1,-1,-1,-1,-1,255,-1,-1,-1,-1,-1,324,-1,-1,-1,-1,-1,255,183,-1,-1,-1,-1,-1,
-1,-1,-1,-1,-1,-1,-1,-1,183,-1,-1,-1,27-1,-1,-1,-1,-1,-1,468,468,468,183,183,-1,-1,-1,-1,183,-1,18-1,-1,-1,18-1,-1,-1,-1,-1,219,-1,-1,-1,-1,-1,-1,-1,-1,-1,-1,-1,-1,-1,-1,183,183,183,183,18-1,-1,-1,324,-1,468,468,-1,-1,-1,-1,-1,-1,-1,-1,-1,-1,-1,-1,-1,-1,255,-1,-1,-1,-1,-1,18-1,-1,-1,-1,18-1,-1,-1,-1,-1,579,183,-1,-1,-1,-1,-1,-1,
-1,-1,-1,-1,-1,-1,-1,-1,183,-1,-1,-1,-1,-1,-1,45-1,-1,-1,468,468,468,183,-1,-1,-1,-1,-1,183,-1,18-1,-1,-1,-1,-1,324,-1,-1,219,-1,-1,-1,-1,-1,-1,-1,-1,-1,-1,-1,-1,-1,-1,-1,-1,-1,183,183,-1,324,324,-1,468,468,-1,-1,-1,-1,-1,-1,183,183,-1,-1,-1,-1,-1,-1,255,-1,-1,18-1,-1,-1,-1,-1,-1,-1,-1,-1,18-1,-1,579,-1,183,-1,-1,-1,-1,-1,-1,
-1,-1,-1,-1,-1,-1,-1,-1,183,-1,-1,-1,45-1,-1,-1,154,-1,-1,-1,-1,-1,183,-1,-1,-1,-1,-1,183,-1,-1,-1,18-1,-1,-1,-1,324,324,-1,183,-1,-1,-1,-1,-1,-1,-1,-1,-1,-1,-1,-1,-1,-1,-1,-1,-1,183,183,183,324,-1,468,468,-1,-1,-1,-1,183,183,183,183,183,-1,-1,-1,-1,-1,-1,-1,-1,-1,-1,-1,255,-1,-1,18-1,-1,255,-1,-1,-1,183,183,-1,-1,-1,-1,-1,-1,
-1,-1,-1,-1,-1,-1,-1,-1,183,-1,-1,-1,269,27-1,-1,45-1,-1,-1,78,79,-1,183,-1,-1,-1,-1,-1,183,-1,-1,8-1,81,-1,-1,-1,-1,-1,-1,219,-1,-1,-1,-1,-1,-1,-1,-1,-1,-1,-1,-1,-1,-1,-1,-1,-1,-1,-1,183,183,183,183,183,183,183,183,183,183,-1,-1,-1,183,183,8-1,81,-1,-1,-1,324,-1,-1,-1,-1,-1,-1,-1,-1,-1,18-1,-1,18-1,579,183,-1,-1,-1,-1,-1,-1,-1,
-1,-1,-1,-1,-1,-1,-1,-1,183,-1,111,-1,-1,-1,234,-1,-1,-1,114,115,183,183,-1,-1,-1,-1,-1,183,183,-1,-1,324,324,-1,-1,-1,-1,-1,-1,219,219,-1,-1,-1,-1,-1,-1,-1,-1,-1,-1,-1,-1,-1,-1,-1,-1,-1,-1,-1,-1,-1,-1,-1,-1,-1,-1,-1,-1,-1,-1,183,183,183,-1,-1,-1,-1,-1,-1,-1,-1,-1,18-1,-1,-1,-1,255,579,-1,-1,18-1,183,-1,-1,-1,-1,-1,-1,-1,
-1,-1,-1,-1,-1,-1,-1,-1,183,78,79,-1,234,-1,-1,45-1,-1,-1,111,183,183,-1,-1,-1,-1,-1,-1,-1,-1,183,-1,-1,-1,-1,-1,-1,-1,-1,-1,-1,219,183,183,-1,-1,-1,-1,-1,-1,-1,-1,-1,-1,-1,-1,-1,-1,-1,-1,-1,-1,-1,-1,-1,-1,-1,-1,-1,-1,-1,-1,-1,-1,183,-1,-1,-1,-1,-1,-1,116,-1,-1,-1,-1,-1,579,-1,579,255,579,183,183,-1,-1,-1,-1,-1,-1,-1,
-1,-1,-1,-1,-1,-1,-1,-1,183,114,115,-1,154,45-1,-1,268,-1,-1,-1,183,-1,-1,-1,-1,-1,-1,-1,-1,-1,183,468,-1,-1,-1,-1,111,579,111,579,-1,-1,219,183,-1,-1,-1,-1,-1,-1,-1,-1,-1,-1,-1,-1,-1,-1,-1,-1,-1,-1,-1,-1,-1,-1,-1,-1,-1,-1,-1,-1,-1,-1,183,-1,-1,-1,-1,-1,-1,-1,-1,-1,-1,579,-1,-1,18-1,8-1,81,183,183,-1,-1,-1,-1,-1,-1,-1,-1,
-1,-1,-1,-1,-1,-1,-1,-1,183,183,-1,-1,-1,-1,-1,-1,-1,-1,183,-1,-1,-1,-1,-1,-1,-1,-1,-1,-1,183,468,468,-1,-1,-1,579,111,579,111,-1,-1,-1,183,-1,-1,-1,-1,-1,-1,-1,-1,-1,-1,-1,-1,-1,-1,-1,-1,-1,-1,-1,-1,-1,-1,-1,-1,-1,-1,-1,-1,-1,-1,183,183,183,-1,116,-1,-1,-1,-1,116,-1,-1,-1,-1,579,183,183,-1,-1,-1,-1,-1,-1,-1,-1,-1,-1,
-1,-1,-1,-1,-1,-1,-1,-1,-1,183,183,-1,-1,-1,-1,-1,183,183,-1,-1,-1,-1,-1,-1,-1,-1,-1,-1,-1,183,-1,-1,-1,-1,-1,111,579,111,579,-1,-1,-1,183,-1,-1,-1,-1,-1,-1,-1,-1,-1,-1,-1,-1,-1,-1,-1,-1,-1,-1,-1,-1,-1,-1,-1,-1,-1,-1,-1,-1,-1,-1,-1,-1,183,183,183,183,183,-1,-1,-1,-1,-1,183,183,183,183,-1,-1,-1,-1,-1,-1,-1,-1,-1,-1,-1,
-1,-1,-1,-1,-1,-1,-1,-1,-1,-1,183,-1,-1,-1,-1,183,-1,-1,-1,-1,-1,-1,-1,-1,-1,-1,-1,-1,-1,183,-1,-1,-1,-1,-1,579,111,579,111,-1,-1,-1,183,-1,-1,-1,-1,-1,-1,-1,-1,-1,-1,-1,-1,-1,-1,-1,-1,-1,-1,-1,-1,-1,-1,-1,-1,-1,-1,-1,-1,-1,-1,-1,-1,-1,-1,-1,-1,183,183,183,183,183,183,183,183,183,-1,-1,-1,-1,-1,-1,-1,-1,-1,-1,-1,-1,
-1,-1,-1,-1,-1,-1,-1,-1,-1,-1,183,183,183,183,183,183,-1,-1,-1,-1,-1,-1,-1,-1,-1,-1,-1,-1,-1,183,-1,-1,-1,-1,-1,111,579,111,579,-1,-1,183,-1,-1,-1,-1,-1,-1,-1,-1,-1,-1,-1,-1,-1,-1,-1,-1,-1,-1,-1,-1,-1,-1,-1,-1,-1,-1,-1,-1,-1,-1,-1,-1,-1,-1,-1,-1,-1,-1,-1,-1,-1,-1,-1,-1,-1,-1,-1,-1,-1,-1,-1,-1,-1,-1,-1,-1,-1,-1,
-1,-1,-1,-1,-1,-1,-1,-1,-1,-1,-1,-1,-1,-1,-1,-1,-1,-1,-1,-1,-1,-1,-1,-1,-1,-1,-1,-1,-1,-1,183,-1,-1,-1,-1,579,111,579,111,-1,-1,183,-1,-1,-1,-1,-1,-1,-1,-1,-1,-1,-1,-1,-1,-1,-1,-1,-1,-1,-1,-1,-1,-1,-1,-1,-1,-1,-1,-1,-1,-1,-1,-1,-1,-1,-1,-1,-1,-1,-1,-1,-1,-1,-1,-1,-1,-1,-1,-1,-1,-1,-1,-1,-1,-1,-1,-1,-1,-1,
-1,-1,-1,-1,-1,-1,-1,-1,-1,-1,-1,-1,-1,-1,-1,-1,-1,-1,-1,-1,-1,-1,-1,-1,-1,-1,-1,-1,-1,-1,-1,183,-1,-1,-1,-1,-1,-1,-1,-1,183,-1,-1,-1,-1,-1,-1,-1,-1,-1,-1,-1,-1,-1,-1,-1,-1,-1,-1,-1,-1,-1,-1,-1,-1,-1,-1,-1,-1,-1,-1,-1,-1,-1,-1,-1,-1,-1,-1,-1,-1,-1,-1,-1,-1,-1,-1,-1,-1,-1,-1,-1,-1,-1,-1,-1,-1,-1,-1,-1,
-1,-1,-1,-1,-1,-1,-1,-1,-1,-1,-1,-1,-1,-1,-1,-1,-1,-1,-1,-1,-1,-1,-1,-1,-1,-1,-1,-1,-1,-1,-1,-1,183,-1,-1,-1,-1,-1,-1,183,-1,-1,-1,-1,-1,-1,-1,-1,-1,-1,-1,-1,-1,-1,-1,-1,-1,-1,-1,-1,-1,-1,-1,-1,-1,-1,-1,-1,-1,-1,-1,-1,-1,-1,-1,-1,-1,-1,-1,-1,-1,-1,-1,-1,-1,-1,-1,-1,-1,-1,-1,-1,-1,-1,-1,-1,-1,-1,-1,-1,
-1,-1,-1,-1,-1,-1,-1,-1,-1,-1,-1,-1,-1,-1,-1,-1,-1,-1,-1,-1,-1,-1,-1,-1,-1,-1,-1,-1,-1,-1,-1,-1,-1,183,183,183,183,183,183,-1,-1,-1,-1,-1,-1,-1,-1,-1,-1,-1,-1,-1,-1,-1,-1,-1,-1,-1,-1,-1,-1,-1,-1,-1,-1,-1,-1,-1,-1,-1,-1,-1,-1,-1,-1,-1,-1,-1,-1,-1,-1,-1,-1,-1,-1,-1,-1,-1,-1,-1,-1,-1,-1,-1,-1,-1,-1,-1,-1,-1,
-1,-1,-1,-1,-1,-1,-1,-1,-1,-1,-1,-1,-1,-1,-1,-1,-1,-1,-1,-1,-1,-1,-1,-1,-1,-1,-1,-1,-1,-1,-1,-1,-1,-1,-1,-1,-1,-1,-1,-1,-1,-1,-1,-1,-1,-1,-1,-1,-1,-1,-1,-1,-1,-1,-1,-1,-1,-1,-1,-1,-1,-1,-1,-1,-1,-1,-1,-1,-1,-1,-1,-1,-1,-1,-1,-1,-1,-1,-1,-1,-1,-1,-1,-1,-1,-1,-1,-1,-1,-1,-1,-1,-1,-1,-1,-1,-1,-1,-1,-1,
-1,-1,-1,-1,-1,-1,-1,-1,-1,-1,-1,-1,-1,-1,-1,-1,-1,-1,-1,-1,-1,-1,-1,-1,-1,-1,-1,-1,-1,-1,-1,-1,-1,-1,-1,-1,-1,-1,-1,-1,-1,-1,-1,-1,-1,-1,-1,-1,-1,-1,-1,-1,-1,-1,-1,-1,-1,-1,-1,-1,-1,-1,-1,-1,-1,-1,-1,-1,-1,-1,-1,-1,-1,-1,-1,-1,-1,-1,-1,-1,-1,-1,-1,-1,-1,-1,-1,-1,-1,-1,-1,-1,-1,-1,-1,-1,-1,-1,-1,-1,
-1,-1,-1,-1,-1,-1,-1,-1,-1,-1,-1,-1,-1,-1,-1,-1,-1,-1,-1,-1,-1,-1,-1,-1,-1,-1,-1,-1,-1,-1,-1,-1,-1,-1,-1,-1,-1,-1,-1,-1,-1,-1,-1,-1,-1,-1,-1,-1,-1,-1,-1,-1,-1,-1,-1,-1,-1,-1,-1,-1,-1,-1,-1,-1,-1,-1,-1,-1,-1,-1,-1,-1,-1,-1,-1,-1,-1,-1,-1,-1,-1,-1,-1,-1,-1,-1,-1,-1,-1,-1,-1,-1,-1,-1,-1,-1,-1,-1,-1,-1,
-1,-1,-1,-1,-1,-1,-1,-1,-1,-1,-1,-1,-1,-1,-1,-1,-1,-1,-1,-1,-1,-1,-1,-1,-1,-1,-1,-1,-1,-1,-1,-1,-1,-1,-1,-1,-1,-1,-1,-1,-1,-1,-1,-1,-1,-1,-1,-1,-1,-1,-1,-1,-1,-1,-1,-1,-1,-1,-1,-1,-1,-1,-1,-1,-1,-1,-1,-1,-1,-1,-1,-1,-1,-1,-1,-1,-1,-1,-1,-1,-1,-1,-1,-1,-1,-1,-1,-1,-1,-1,-1,-1,-1,-1,-1,-1,-1,-1,-1,-1,
-1,-1,-1,-1,-1,-1,-1,-1,-1,-1,-1,-1,-1,-1,-1,-1,-1,-1,-1,-1,-1,-1,-1,-1,-1,-1,-1,-1,-1,-1,-1,-1,-1,-1,-1,-1,-1,-1,-1,-1,-1,-1,-1,-1,-1,-1,-1,-1,-1,-1,-1,-1,-1,-1,-1,-1,-1,-1,-1,-1,-1,-1,-1,-1,-1,-1,-1,-1,-1,-1,-1,-1,-1,-1,-1,-1,-1,-1,-1,-1,-1,-1,-1,-1,-1,-1,-1,-1,-1,-1,-1,-1,-1,-1,-1,-1,-1,-1,-1,-1
